g828	XP_015775875.1	50.0	74	37	0	13	234	7	80	2.4e-09	72.4	405	325
g8280	KXJ16672.1	45.2	186	102	0	1	558	827	1012	1.1e-41	180.3	564	2331
g829	XP_015775876.1	60.8	130	51	0	13	402	7	136	3.0e-12	82.0	405	136
g8294	EDO26431.1	32.6	325	208	6	10	966	3	322	7.3e-42	181.8	1068	328
g8296	PFX21835.1	56.4	140	61	0	4	423	579	718	8.0e-40	173.7	429	844
g8297	XP_029204872.1	62.0	200	66	3	7	585	26	222	4.7e-59	238.8	996	353
g8299	XP_029208629.1	44.5	218	121	0	22	675	22	239	7.2e-46	195.7	1569	379
g83	PFX31675.1	38.7	271	159	4	121	921	1213	1480	1.9e-39	173.7	1002	1792
g830	XP_015747492.1	71.7	434	121	2	67	1362	3	436	4.5e-105	392.1	1365	436
g8300	GAQ78082.1	33.0	776	466	22	595	2868	317	1056	1.2e-89	342.4	3969	1466
g8301	XP_029183418.1	87.4	309	39	0	1	927	1	309	4.6e-109	404.8	930	309
g8302	XP_029204899.1	50.4	113	49	2	1	339	263	368	6.6e-22	114.0	375	373
g8303	PFX19542.1	35.5	183	95	4	40	576	5	168	1.2e-17	100.5	603	450
g8304	PFX32283.1	51.6	95	46	0	532	816	4	98	1.6e-18	104.0	876	1022
g8306	PFX21835.1	60.5	172	68	0	1	516	554	725	4.3e-54	221.5	549	844
g8307	PFX16501.1	26.2	1170	540	17	1	2913	413	1457	1.9e-93	354.8	3312	4817
g8308	PFX21835.1	58.3	192	80	0	7	582	534	725	1.4e-59	240.7	1119	844
g8309	RMX45634.1	48.8	387	198	0	1	1161	58	444	2.4e-103	387.9	3831	447
g831	XP_015761939.1	73.5	505	107	3	22	1527	6	486	2.7e-191	678.7	1533	487
g8310	XP_015763854.1	45.5	244	127	3	283	1002	64	305	8.4e-41	178.7	1458	560
g8311	XP_029204872.1	48.4	407	151	7	1	1221	1	348	3.9e-71	279.3	1242	353
g8312	XP_029208050.1	55.6	198	88	0	22	615	7	204	7.4e-59	238.4	1209	391
g8313	PFX13784.1	43.4	182	97	1	157	702	1	176	9.3e-35	158.3	1149	318
g8316	XP_029204872.1	64.5	217	70	2	1	639	1	214	1.2e-65	260.8	1005	353
g8317	XP_020601447.1	43.3	247	137	1	193	933	134	377	4.6e-50	209.5	1506	596
g8318	XP_015755245.1	38.5	260	137	3	1	735	1	252	7.9e-43	185.7	1662	431
g8320	XP_029182454.1	35.3	419	144	13	1	957	1	392	1.2e-35	161.0	960	392
g8321	XP_015763854.1	43.8	105	57	2	175	486	58	161	9.3e-14	87.8	693	560
g8323	XP_015763854.1	44.0	100	54	2	181	477	58	156	2.9e-13	85.9	573	560
g8325	XP_029208050.1	42.0	138	78	2	19	426	5	142	2.1e-20	109.4	498	391
g8328	XP_029199598.1	46.1	232	96	2	154	765	227	457	4.3e-47	198.7	795	462
g8329	XP_029183702.1	59.4	165	65	2	382	870	1	165	2.3e-49	206.5	897	1037
g833	XP_029201043.1	58.6	828	293	11	169	2601	233	1027	4.8e-265	924.5	2604	1027
g8331	XP_015765071.1	49.8	649	65	5	88	1251	1	649	4.0e-140	508.4	1266	677
g8332	XP_032227729.1	39.0	141	70	3	31	405	10	150	3.4e-16	95.1	408	649
g8333	XP_022792420.1	91.4	116	10	0	1	348	126	241	1.7e-52	216.1	522	419
g8334	XP_015774437.1	48.6	177	80	3	1	498	594	770	2.7e-37	165.6	534	800
g8336	PFX32571.1	54.7	95	43	0	1	285	349	443	1.3e-20	109.4	306	488
g834	PFX12505.1	58.2	110	38	2	1	330	164	265	1.4e-21	112.8	351	266
g8342	XP_029200850.1	88.0	75	9	0	1	225	28	102	1.8e-31	145.6	339	305
g8343	XP_029200850.1	84.7	131	18	2	1	390	175	304	5.0e-51	211.5	621	305
g8348	XP_015777488.1	94.8	368	19	0	1	1104	1	368	5.7e-199	703.7	1105	625
g8349	XP_029203723.1	66.3	526	165	3	28	1596	10	526	8.5e-196	693.7	1599	526
g835	PFX22346.1	52.2	395	176	4	154	1338	80	461	1.5e-105	393.7	1353	463
g8351	XP_015777476.1	83.0	241	40	1	1	723	1	240	7.7e-107	397.1	744	249
g8352	XP_015777477.1	88.4	215	25	0	1	645	14	228	2.9e-102	381.7	648	228
g8353	XP_029203720.1	81.6	730	132	1	1	2184	1	730	0.0e+00	1231.1	2187	742
g8354	XP_029203721.1	60.0	225	84	4	106	765	1	224	2.0e-41	179.9	768	583
g8355	XP_029203725.1	67.8	485	156	0	1	1455	1	485	4.9e-185	657.9	1500	496
g8356	XP_029203725.1	65.7	490	163	2	1	1470	1	485	1.8e-179	639.4	1509	496
g8357	XP_015777475.1	68.6	490	154	0	1	1470	24	513	1.6e-191	679.5	1497	515
g8358	XP_029203721.1	77.5	360	78	3	7	1080	225	583	2.5e-130	475.7	1083	583
g8359	XP_020603738.1	38.3	470	240	14	1	1344	46	487	6.4e-68	268.9	1497	514
g8361	XP_020619874.1	52.8	127	59	1	52	432	10	135	2.1e-16	95.9	435	135
g8362	XP_020603738.1	39.8	505	256	13	7	1434	2	487	7.7e-82	315.1	1491	514
g8364	XP_022797006.1	42.0	193	105	2	1	558	22	214	8.7e-34	154.1	573	436
g8365	XP_029203729.1	71.9	235	64	2	1	702	32	265	7.8e-85	323.9	705	265
g8366	XP_029203727.1	71.2	233	63	2	1	696	219	448	3.1e-89	338.6	708	449
g8367	XP_020619870.1	87.8	180	22	0	1	540	1	180	3.4e-86	328.2	570	429
g8368	XP_029203716.1	92.7	248	15	2	1	741	1	246	3.6e-104	388.3	744	246
g8370	EDO29965.1	60.6	246	88	2	442	1176	469	706	1.0e-73	287.7	1179	706
g8371	XP_029205436.1	43.3	104	56	3	1	312	1	101	4.8e-18	100.9	315	101
g8373	XP_015747541.1	67.0	206	60	3	22	633	16	215	1.0e-67	266.9	648	222
g8374	XP_029205417.1	87.9	506	60	1	52	1569	18	522	5.2e-262	913.7	1572	522
g8375	XP_015747545.1	61.2	152	54	3	1	447	1	150	6.4e-40	174.1	453	151
g8376	XP_015747542.1	75.0	192	33	2	7	582	4	180	1.7e-72	282.7	585	180
g8378	XP_029205410.1	79.3	429	89	0	1	1287	16	444	4.3e-206	727.6	1290	445
g8379	PFX13121.1	58.1	43	18	0	390	262	21	63	1.1e-06	63.5	393	410
g838	PFX22346.1	51.1	454	208	5	43	1404	22	461	9.2e-117	431.0	1419	463
g8380	XP_001633544.1	57.9	503	202	4	79	1578	128	623	3.8e-163	585.5	1848	675
g8381	XP_029205410.1	78.1	425	93	0	13	1287	20	444	1.9e-201	712.2	1290	445
g8382	XP_029181434.1	62.9	502	135	4	1	1353	1	502	8.2e-114	421.8	2082	513
g8383	XP_020620749.1	67.0	97	32	0	67	357	374	470	9.4e-34	153.3	360	470
g8384	XP_033112260.1	57.8	116	42	2	327	1	254	369	1.5e-30	142.5	327	460
g8385	XP_033108664.1	47.6	269	119	3	1	789	155	407	7.7e-61	244.6	897	407
g8386	PFX21154.1	48.9	92	39	3	340	600	420	508	2.3e-11	79.7	621	811
g8387	PFX31502.1	83.2	113	19	0	1	339	72	184	2.0e-47	198.7	369	199
g8388	XP_029207561.1	86.6	254	31	2	1	756	1	253	3.4e-110	408.3	762	256
g8390	XP_029182455.1	73.2	123	33	0	10	378	27	149	7.6e-44	188.3	1044	1484
g8391	XP_029201042.1	48.8	338	148	10	1	990	1	321	2.5e-66	263.1	1071	338
g8392	XP_015778406.1	64.1	615	82	8	1	1452	1	607	2.0e-199	705.7	1458	623
g8393	PFX25820.1	69.2	159	39	1	625	1071	816	974	5.2e-56	228.8	1074	1431
g8394	XP_029195419.1	92.6	136	10	0	724	1131	152	287	1.5e-61	247.3	1134	287
g8396	XP_029183140.1	49.7	437	169	15	1	1239	1	410	3.0e-95	359.4	1248	411
g8399	XP_029181919.1	57.2	299	119	5	1	891	836	1127	9.4e-83	317.4	900	1127
g84	RMX40413.1	49.1	342	160	4	52	1068	20	350	3.8e-78	302.4	1092	375
g8400	XP_029181919.1	54.2	378	160	3	1	1101	1	376	1.8e-96	363.2	1107	1127
g8401	XP_015752109.1	60.4	144	51	3	34	462	11	149	1.7e-33	152.9	507	189
g8402	XP_015752105.1	77.9	199	44	0	1	597	1	199	2.1e-86	328.9	615	206
g8404	PFX13257.1	58.7	201	82	1	1	600	285	485	9.2e-61	245.4	1830	804
g8405	XP_015763031.1	91.1	689	61	0	1	2067	1	689	0.0e+00	1145.6	2070	689
g8406	XP_015761352.1	67.2	67	22	0	37	237	487	553	1.7e-16	95.5	261	606
g8407	XP_029181178.1	31.6	228	144	7	4	672	67	287	2.3e-20	109.8	684	422
g8408	KXJ06576.1	44.8	116	62	2	7	348	117	232	1.9e-18	102.4	357	593
g8409	KXJ06576.1	39.8	118	56	2	7	360	4	106	6.2e-09	70.9	366	593
g8410	XP_029192270.1	74.0	1013	251	7	45	3056	5	1014	0.0e+00	1436.0	3059	1014
g8411	XP_027037481.1	49.6	2518	1053	20	820	7953	81	2521	0.0e+00	1802.3	8064	2613
g8412	XP_020602650.1	29.1	649	388	14	211	2115	62	652	1.3e-54	225.3	2463	752
g8413	XP_022810295.1	41.9	582	311	11	67	1782	4	568	4.6e-113	419.1	1830	582
g8414	XP_029192273.1	92.5	372	27	1	1	1113	1	372	6.4e-198	700.3	1116	372
g8415	XP_029192271.1	75.1	686	163	4	1	2046	1	682	1.1e-301	1045.8	2049	682
g8416	XP_027040101.1	43.2	88	50	0	358	621	6	93	5.8e-08	68.6	690	932
g8417	CAB1101350.1	37.3	161	88	5	184	642	75	230	3.8e-10	75.9	720	838
g8418	RUS33975.1	42.3	97	52	2	10	294	569	663	1.0e-11	80.5	474	2558
g8421	XP_029202773.1	87.3	118	15	0	7	360	46	163	1.1e-50	209.5	361	641
g8425	XP_020619426.1	48.5	788	377	13	28	2328	22	801	2.1e-182	649.8	2337	803
g8436	XP_015773525.1	79.3	615	119	4	1	1833	1	611	1.4e-282	982.2	1836	611
g8439	XP_028415414.1	64.9	305	93	6	82	972	1	299	3.4e-94	355.5	987	301
g8441	PFX34902.1	62.2	402	149	3	316	1521	482	880	1.7e-144	523.5	1830	1572
g8442	XP_029210773.1	52.7	93	41	1	73	342	76	168	1.1e-11	80.1	405	261
g8443	XP_020619127.1	47.6	336	162	6	7	993	34	362	6.4e-80	308.1	1008	362
g8444	XP_031574896.1	70.7	92	25	1	76	345	92	183	3.1e-28	135.2	420	511
g8445	XP_028514400.1	76.8	95	22	0	288	4	170	264	3.1e-32	147.9	288	296
g8446	KXJ14235.1	68.8	170	53	0	7	516	278	447	3.0e-65	258.5	519	447
g8447	XP_015762114.1	42.2	495	80	1	136	1002	76	570	5.3e-90	341.7	1026	964
g8448	XP_015755955.1	76.1	92	22	0	1	276	238	329	1.3e-33	152.5	291	437
g8449	XP_015749229.1	76.1	209	26	4	1	618	1	188	9.0e-77	297.0	621	367
g8450	RMX51636.1	74.5	55	14	0	1	165	238	292	4.2e-11	77.8	306	355
g8451	XP_022799892.1	52.7	184	51	6	1	459	8	186	8.0e-34	154.1	528	658
g8452	XP_029192478.1	96.0	199	8	0	1	597	180	378	1.4e-102	382.9	708	388
g8453	XP_022800001.1	48.2	110	56	1	52	381	20	128	1.9e-23	119.8	606	474
g8454	XP_015779025.1	62.8	172	17	1	1	375	91	262	3.9e-44	188.0	414	827
g8455	XP_022800001.1	51.0	102	49	1	46	351	18	118	6.8e-23	117.9	558	474
g8456	XP_028404291.1	29.2	137	96	1	1	411	242	377	2.4e-09	72.4	414	894
g8457	PFX31583.1	50.9	110	53	1	1	330	808	916	1.1e-22	117.1	522	917
g8458	XP_022794696.1	29.9	281	179	7	169	984	35	306	7.9e-19	105.5	1278	391
g8461	XP_029183985.1	42.2	90	50	1	3	272	141	228	4.6e-10	75.5	675	438
g8462	XP_020609564.1	67.3	260	78	4	331	1107	142	395	2.4e-96	362.8	1110	395
g8465	XP_022792719.1	27.4	471	300	14	178	1524	5	455	2.3e-36	164.1	1557	462
g8466	PFX16501.1	54.5	77	35	0	7	237	2685	2761	4.9e-10	74.7	414	4817
g8467	XP_015755149.1	72.0	304	84	1	1	912	1	303	1.1e-123	453.4	915	303
g8468	XP_015755150.1	84.5	220	34	0	10	669	13	232	1.3e-100	376.3	672	232
g8469	PFX27945.1	62.2	82	31	0	43	288	1	82	2.1e-26	128.6	300	91
g847	KXJ26075.1	36.0	328	199	5	1	981	556	873	6.0e-37	165.6	1188	891
g8470	XP_029196907.1	67.9	663	199	4	16	1965	6	667	9.4e-237	830.1	1971	668
g8472	XP_029196873.1	67.9	557	170	5	1	1650	1	555	4.4e-203	718.0	1674	577
g8474	XP_029179666.1	90.4	260	25	0	1	780	1	260	6.2e-99	370.9	783	260
g8478	XP_015755561.1	50.4	637	265	7	79	1842	32	666	5.5e-170	608.2	1854	671
g848	KXJ05647.1	41.2	374	206	7	64	1173	1	364	4.5e-61	245.7	1179	895
g8481	XP_032220096.1	41.9	222	119	3	79	741	30	242	7.3e-33	151.4	744	246
g8482	XP_022780925.1	85.7	272	39	0	238	1053	163	434	1.0e-125	460.3	1056	434
g8485	XP_015772501.1	100.0	65	0	0	649	843	1	65	2.6e-26	129.8	861	895
g8486	XP_028519386.1	54.6	119	53	1	46	399	10	128	2.0e-28	136.3	621	597
g8488	XP_020603099.1	56.6	295	125	1	1	876	17	311	1.9e-86	329.7	933	325
g849	XP_029192702.1	96.8	186	6	0	1	558	1	186	9.0e-100	373.2	561	729
g8490	XP_029182721.1	90.4	146	14	0	1	438	1	146	7.1e-52	213.8	441	346
g8492	KXJ12990.1	48.0	173	87	1	4	522	127	296	5.6e-35	157.9	528	596
g8494	XP_029199994.1	73.2	762	200	2	10	2295	6	763	0.0e+00	1114.4	2304	764
g8496	XP_029199994.1	63.6	99	34	1	154	450	6	102	2.7e-20	109.0	474	764
g8497	XP_029200010.1	76.0	754	179	2	1	2256	1	754	0.0e+00	1149.8	2262	754
g8498	XP_015759640.1	58.3	276	108	2	28	834	7	282	3.8e-94	355.1	837	282
g8499	XP_029200009.1	57.9	361	145	3	1	1080	1	355	1.0e-112	417.2	1083	355
g85	XP_020606395.1	62.9	442	155	7	1	1311	1	438	8.7e-154	553.9	1314	438
g850	XP_029192702.1	97.5	518	13	0	1	1554	197	714	2.2e-285	992.6	3942	729
g8500	XP_029200008.1	83.0	440	75	0	1	1320	54	493	2.9e-213	751.5	1323	493
g8501	VDM04725.1	30.4	125	81	1	49	423	66	184	5.4e-07	64.7	441	259
g8502	XP_015780595.1	57.3	1019	69	4	733	2814	1	978	5.9e-293	1017.3	2817	978
g8503	XP_028412089.1	55.6	171	73	1	106	618	73	240	9.3e-45	190.7	630	669
g851	XP_015754477.1	95.5	156	7	0	10	477	262	417	7.7e-84	320.1	480	417
g8513	XP_029212134.1	76.7	957	220	2	1	2871	1	954	0.0e+00	1523.5	2877	954
g8516	KXJ20974.1	41.9	117	65	3	487	831	261	376	1.0e-19	107.8	834	575
g8519	XP_015762425.1	52.9	331	148	3	1	990	1	324	5.1e-82	315.1	993	324
g852	XP_029183401.1	95.8	262	11	0	397	1182	1	262	2.9e-132	482.3	1185	262
g8520	PFX13593.1	92.0	212	14	1	1	627	37	248	2.7e-102	382.1	795	583
g8524	XP_028397339.1	59.6	317	115	4	37	987	15	318	2.6e-86	329.3	993	322
g8529	XP_015765501.1	92.0	125	10	0	178	552	1251	1375	3.4e-59	238.4	555	1375
g853	XP_029196299.1	48.2	83	43	0	1	249	1084	1166	1.3e-13	85.9	258	1177
g8530	XP_020608565.1	62.3	199	71	2	628	1212	404	602	3.9e-59	240.0	1827	1232
g8532	XP_028417858.1	43.1	699	316	15	22	1965	12	679	3.6e-154	555.8	2079	820
g8536	XP_020914988.1	50.9	218	104	3	1	645	407	624	1.8e-54	223.0	666	639
g8537	XP_020914988.1	40.5	363	178	12	25	1089	38	370	9.7e-50	208.0	1092	639
g8538	XP_029187858.1	90.0	251	25	0	109	861	378	628	6.0e-117	431.0	933	639
g8539	PIK44219.1	52.3	279	131	1	46	876	41	319	6.5e-76	294.7	903	323
g8540	XP_029181767.1	48.0	246	83	5	7	636	42	278	3.0e-50	209.1	744	1078
g8541	XP_015760440.1	52.8	1537	165	10	1	2964	142	1666	0.0e+00	1287.7	3492	2001
g8542	XP_019615955.1	43.0	251	62	4	19	528	2	252	1.3e-35	160.6	780	327
g8543	XP_015779102.1	93.1	318	18	1	2	943	26	343	3.1e-160	575.1	1138	473
g8544	XP_022806636.1	43.8	146	81	1	10	444	937	1082	1.6e-27	132.9	447	1275
g8545	PFX22346.1	34.2	120	70	2	1	360	72	182	2.8e-11	79.0	450	463
g8546	XP_015752621.1	72.6	446	84	4	466	1701	1	442	1.5e-177	633.3	1704	442
g8547	XP_022810233.1	90.8	282	26	0	1	846	1	282	1.1e-146	529.6	849	418
g8548	XP_033110646.1	33.3	102	67	1	4	306	233	334	2.2e-07	65.5	312	335
g8549	RMX37902.1	65.5	87	18	2	1	261	6	80	7.0e-17	97.8	543	210
g855	XP_020625153.1	73.4	319	78	2	340	1278	1	318	1.5e-128	470.7	2037	339
g8551	PFX20331.1	47.8	295	100	6	7	741	86	376	4.2e-28	135.6	744	376
g8552	XP_022802209.1	88.0	292	33	1	82	951	65	356	4.3e-142	514.6	957	380
g8553	PIK47798.1	54.5	244	111	0	1	732	92	335	4.5e-69	272.7	1524	593
g8555	XP_029201043.1	57.6	748	293	12	289	2493	262	998	3.5e-239	838.6	2622	1027
g8556	XP_029201043.1	53.0	715	256	13	199	2172	280	971	1.5e-195	693.3	2181	1027
g8557	RMX55109.1	77.4	93	21	0	1	279	88	180	6.6e-36	160.2	309	203
g8558	XP_015752302.1	71.3	150	43	0	1	450	123	272	1.3e-53	219.9	564	956
g8559	XP_029184821.1	71.4	189	50	1	1	567	2	186	2.3e-66	262.3	570	186
g856	XP_020625152.1	52.1	146	59	5	4	426	270	409	8.3e-33	150.6	495	409
g8561	XP_015749545.1	92.4	262	20	0	1	786	1	262	6.4e-140	507.3	906	425
g8562	XP_029189117.1	74.1	513	131	1	1	1533	1	513	1.0e-225	793.1	1539	515
g8563	XP_029189117.1	75.0	513	124	1	1	1527	1	513	4.0e-227	797.7	1533	515
g8564	XP_015748300.1	83.7	448	41	2	1	1254	1	446	1.5e-200	709.1	1257	446
g8565	XP_029189117.1	75.2	513	125	1	1	1533	1	513	1.1e-224	789.6	1539	515
g8566	XP_021345579.1	42.1	107	41	4	13	276	71	175	8.8e-06	60.1	294	177
g8567	XP_015768943.1	92.8	139	10	0	511	927	20	158	2.0e-64	256.5	939	1099
g8569	PFX15676.1	61.2	454	89	4	1	1140	33	473	1.1e-137	500.4	1284	1247
g8571	PFX13583.1	86.3	131	18	0	211	603	230	360	3.1e-53	218.8	615	360
g8572	PFX20968.1	60.2	274	95	3	70	891	161	420	1.3e-71	280.4	897	909
g8573	XP_011674653.1	45.8	142	77	0	4	429	8	149	1.9e-31	146.0	447	448
g8575	XP_031551076.1	78.7	61	13	0	1	183	105	165	4.4e-19	104.4	315	689
g8577	XP_029179522.1	62.1	277	92	4	52	846	973	1248	3.8e-78	302.8	1437	1620
g8579	XP_015751330.1	80.8	449	79	6	1	1332	1	447	1.4e-186	662.9	1338	448
g858	KXJ06562.1	48.1	185	89	4	103	642	31	213	2.3e-34	156.4	735	479
g8583	XP_015757164.1	60.2	399	150	3	1	1194	1	391	6.0e-141	511.1	1218	393
g8584	XP_015757162.1	48.5	400	159	5	25	1089	1	398	6.5e-94	354.8	1113	403
g8588	KXJ11518.1	63.9	72	26	0	79	294	268	339	8.5e-18	100.1	327	689
g859	XP_002733611.1	24.7	582	365	19	193	1863	203	736	1.4e-30	145.2	1959	768
g8590	XP_029187287.1	65.2	1979	674	10	28	5946	2	1972	0.0e+00	2522.3	6018	1999
g8592	XP_015757462.1	91.1	45	4	0	1	135	388	432	4.3e-14	87.8	318	804
g8593	XP_029201892.1	81.0	626	92	3	1	1797	1	626	5.5e-276	960.3	1798	639
g8594	XP_022807525.1	67.8	59	19	0	167	343	93	151	5.1e-13	84.3	345	228
g8595	XP_032223610.1	62.6	155	58	0	43	507	60	214	3.7e-52	214.9	510	619
g8596	XP_029181441.1	98.2	329	6	0	1	987	9	337	1.1e-177	632.9	990	337
g8597	XP_015755214.1	49.0	100	50	1	7	303	220	319	1.2e-16	96.3	306	319
g8598	XP_020602625.1	74.0	96	25	0	28	315	16	111	3.9e-32	148.3	471	521
g86	XP_029203553.1	73.1	297	75	1	1	891	1	292	8.0e-127	463.8	894	292
g860	PFX19847.1	61.2	237	92	0	1	711	24	260	6.2e-74	288.1	915	1488
g8600	XP_022808784.1	40.2	132	71	5	97	471	27	157	1.3e-11	80.1	480	491
g8601	RMX44019.1	58.5	94	34	4	1	279	144	233	6.1e-15	90.5	297	244
g8603	XP_029185844.1	83.8	476	74	2	1	1425	1	474	1.4e-218	769.2	1428	474
g8604	XP_020660092.1	64.6	48	17	0	1	144	1	48	6.2e-11	76.6	201	64
g8605	XP_031813722.1	66.0	53	18	0	31	189	18	70	4.0e-10	73.9	201	71
g8606	XP_029185825.1	79.4	204	40	1	1	612	1	202	3.4e-84	321.6	618	254
g8608	XP_029185823.1	62.5	307	105	5	1	918	1	298	1.3e-95	360.1	936	298
g8609	XP_015771611.1	74.2	275	66	2	1	825	1	270	3.7e-113	418.3	846	270
g861	XP_022808200.1	60.4	197	77	1	4	591	185	381	7.4e-61	244.2	663	706
g8613	PFX29589.1	41.4	116	59	5	1	333	804	915	6.1e-06	60.8	348	917
g8614	XP_015763917.1	51.1	583	276	4	1	1743	29	604	1.4e-159	573.5	1746	761
g8618	XP_029185821.1	83.2	185	28	2	67	612	221	405	2.4e-77	298.9	615	405
g8619	KXJ12522.1	53.1	64	30	0	151	342	478	541	2.5e-07	65.5	348	769
g8620	XP_029181441.1	94.5	310	17	0	1	930	9	318	3.6e-160	575.1	1311	337
g8621	PFX29632.1	68.9	1330	302	26	19	3963	21	1253	0.0e+00	1610.5	3966	1253
g8622	XP_029189155.1	65.8	506	164	6	1	1509	1	500	6.2e-164	587.8	1512	500
g8623	XP_029189157.1	51.6	504	188	11	1	1383	1	491	4.2e-109	405.6	1434	491
g8624	XP_029189156.1	83.8	536	77	3	274	1875	1	528	1.0e-102	384.8	1881	530
g8625	KAF3856054.1	45.0	111	60	1	1	333	183	292	1.3e-21	112.8	336	292
g8627	XP_032226963.1	52.3	151	57	3	1	444	51	189	2.9e-31	145.6	543	340
g8628	XP_029203563.1	80.0	100	11	1	121	420	3	93	5.4e-34	154.5	459	619
g8629	XP_022779821.1	89.1	358	39	0	1	1074	1	358	1.2e-180	642.9	1098	360
g863	XP_015753303.1	55.0	109	47	2	4	330	3	109	5.5e-25	124.8	558	340
g8630	XP_015759723.1	81.1	328	58	2	13	996	2	325	7.1e-156	560.5	999	325
g8631	XP_015759760.1	92.5	173	13	0	1	519	1	173	8.4e-84	320.1	522	173
g8632	XP_020615482.1	85.7	468	65	2	22	1422	7	473	4.1e-250	874.0	1425	473
g8633	XP_029189070.1	62.4	1635	479	18	1	4785	1	1539	0.0e+00	1836.6	4788	1539
g8634	XP_022800188.1	74.3	296	76	0	1	888	1	296	1.6e-119	439.5	891	296
g8635	XP_015759754.1	76.2	172	36	1	1	516	1	167	8.8e-49	203.8	522	169
g8637	XP_020604388.1	85.7	105	15	0	1	315	1	105	2.3e-44	188.3	318	105
g8638	XP_015762351.1	69.0	4404	1273	19	238	13257	5	4380	0.0e+00	6064.6	13263	4381
g8639	XP_015762334.1	69.5	2029	578	12	1051	7095	2197	4198	0.0e+00	2747.2	7110	4203
g8641	XP_015762351.1	69.9	4398	1292	14	4	13173	3	4376	0.0e+00	6147.8	13188	4381
g8647	RMX40563.1	83.0	141	24	0	16	438	3	143	2.3e-58	235.3	444	193
g8648	XP_022806636.1	89.8	254	22	1	604	1353	928	1181	1.8e-120	443.7	1821	1275
g865	XP_022810475.1	45.9	714	332	7	13	2016	3	708	1.7e-169	606.7	2028	710
g8650	XP_029187508.1	82.0	484	87	0	1	1452	1	484	2.2e-198	702.2	1488	484
g8651	XP_029187509.1	73.7	266	68	2	1	798	1	264	5.4e-106	394.4	813	267
g8652	XP_029187510.1	74.2	244	62	1	1	732	1	243	1.5e-99	372.9	735	243
g8653	XP_029187514.1	78.6	238	50	1	1	714	1	237	2.8e-101	378.6	726	240
g8654	XP_015749619.1	99.2	119	1	0	472	828	1	119	1.2e-58	237.7	1158	846
g8655	XP_029187512.1	83.0	525	88	1	541	2112	1	525	3.5e-253	884.8	2115	525
g8657	XP_029187516.1	82.4	353	59	2	1	1050	1	353	7.7e-153	550.4	1053	353
g8658	XP_015757562.1	91.2	294	26	0	94	975	257	550	5.1e-147	531.6	1446	608
g8659	XP_029187621.1	82.7	208	36	0	1	624	18	225	1.7e-99	372.5	639	390
g866	RMX57622.1	96.8	94	3	0	148	429	1	94	5.9e-43	184.1	432	111
g8661	XP_015766164.1	75.4	122	29	1	1	363	274	395	3.4e-47	198.0	366	924
g8663	XP_020606926.1	76.1	519	121	2	4	1551	11	529	1.1e-240	842.8	1554	529
g8664	XP_029187593.1	93.0	683	45	1	1	2049	1	680	0.0e+00	1256.1	2067	700
g8665	XP_015764314.1	73.4	267	64	4	1	786	1	265	3.2e-95	358.6	789	265
g8666	XP_015764288.1	60.3	833	305	14	1	2463	1	819	9.0e-229	803.9	2466	819
g8667	XP_033108664.1	51.8	278	112	3	16	831	146	407	7.1e-73	284.6	954	407
g8668	XP_033112260.1	44.9	205	76	3	1	504	179	383	8.2e-44	187.2	507	460
g8669	XP_033112260.1	59.2	169	62	1	16	501	216	384	1.2e-53	219.9	540	460
g867	KAF3924499.1	45.7	188	87	3	604	1122	1	188	1.3e-31	147.9	1179	362
g8670	XP_033112260.1	44.9	205	76	3	1	504	179	383	1.7e-44	189.5	507	460
g8671	XP_033117319.1	46.5	71	38	0	1	213	263	333	7.1e-08	67.0	291	347
g8672	XP_028397339.1	59.7	303	116	3	37	945	15	311	8.5e-85	324.3	996	322
g8673	KXJ10485.1	47.1	325	127	3	295	1263	12	293	4.2e-74	289.3	1386	501
g8674	XP_032231983.1	44.6	101	55	1	58	357	10	110	2.8e-08	68.9	441	256
g8676	XP_027049605.1	59.0	139	57	0	10	426	13	151	1.3e-42	183.0	429	151
g8677	PFX24306.1	92.3	182	14	0	1	546	1	182	9.5e-86	326.6	552	424
g8678	PFX24306.1	84.2	222	21	4	241	867	167	387	3.9e-98	368.6	1002	424
g868	PFX19181.1	85.0	80	12	0	1	240	148	227	5.8e-30	140.6	333	234
g8682	XP_028413581.1	40.6	138	70	3	169	558	394	527	4.8e-16	95.1	573	1028
g8683	RMX56006.1	76.0	121	29	0	1	363	54	174	6.8e-48	200.3	366	174
g8684	XP_029185713.1	40.3	762	363	14	1	2022	1	758	1.6e-143	520.4	2034	760
g8685	KXJ27602.1	35.7	221	88	2	4	504	300	520	2.1e-27	132.9	576	648
g8686	XP_022793027.1	68.5	178	54	1	4	531	321	498	4.1e-65	258.1	543	568
g8688	XP_015752486.1	54.7	439	140	11	1	1146	1	437	5.2e-110	408.3	1167	441
g8689	XP_031567608.1	54.5	220	93	4	19	672	17	231	6.3e-55	224.6	687	234
g869	XP_029181738.1	34.3	966	350	14	1	2091	302	1251	2.4e-140	510.0	2181	1798
g8690	XP_020624355.1	45.8	153	74	4	10	465	18	162	3.6e-25	125.2	471	162
g8691	XP_029181029.1	90.4	156	15	0	1	468	1	156	2.0e-74	288.9	507	662
g8693	XP_029209274.1	84.5	187	22	1	1	540	511	697	1.8e-84	322.4	561	765
g8694	KXJ10034.1	28.9	225	138	4	46	669	219	438	2.7e-10	76.3	675	1632
g8695	PFX14833.1	68.5	124	8	1	70	348	362	485	3.1e-40	174.9	369	682
g8696	PFX29980.1	65.5	84	29	0	1	252	1	84	3.7e-23	117.9	303	310
g8697	XP_015760831.1	100.0	734	0	0	1	2202	7	740	0.0e+00	1466.8	2205	740
g8699	XP_020603928.1	51.7	232	94	6	202	849	95	324	3.3e-48	202.6	885	392
g87	XP_029211024.1	88.3	223	26	0	1	669	93	315	3.8e-105	391.3	672	315
g8700	XP_020603797.1	47.8	134	62	3	439	819	1338	1470	4.5e-25	125.9	1017	1771
g8701	XP_029182804.1	88.5	78	9	0	49	282	75	152	1.2e-31	146.0	285	152
g8702	RMX41853.1	93.5	170	11	0	61	570	38	207	2.9e-83	319.7	1401	207
g8703	XP_029199563.1	84.2	279	11	1	37	774	173	451	4.4e-129	471.1	777	451
g8704	XP_029207893.1	95.9	148	5	1	1	441	552	699	6.2e-75	290.4	453	721
g8705	XP_022795547.1	78.5	405	25	3	1	1029	1	405	4.4e-161	577.8	1032	405
g8706	XP_029199595.1	94.0	151	7	1	34	480	244	394	7.8e-71	276.9	498	402
g8708	XP_022795550.1	90.5	201	15	1	1	591	1	201	3.6e-99	371.3	600	319
g8709	XP_029210121.1	39.7	305	46	2	100	600	21	325	2.3e-44	189.5	714	763
g871	XP_029197607.1	85.6	139	20	0	1	417	458	596	1.2e-62	249.6	435	2119
g8711	XP_015778683.1	91.7	470	15	1	1	1338	1	470	4.1e-244	854.0	1341	470
g8712	XP_029182795.1	38.9	262	121	8	1	702	1	251	6.2e-28	135.2	852	775
g8713	XP_020619355.1	68.3	259	79	1	10	786	47	302	1.4e-95	359.8	790	401
g8714	XP_022290312.1	28.1	743	429	16	370	2568	70	717	3.3e-56	230.7	2580	959
g8715	XP_022290312.1	56.1	230	100	1	2	691	731	959	1.5e-68	270.4	1056	959
g8716	KXJ12146.1	50.9	411	94	11	160	1365	1962	2273	9.1e-75	291.6	1482	2919
g8717	XP_020619362.1	54.1	495	221	4	406	1884	1	491	9.0e-160	574.3	1902	844
g8719	XP_026064443.1	56.3	80	35	0	136	375	596	675	4.9e-17	97.8	378	675
g8720	ROI15246.1	46.6	73	38	1	496	714	334	405	3.2e-09	72.8	723	487
g8721	XP_031553692.1	36.1	166	83	5	82	531	1	159	1.5e-14	90.1	549	714
g8726	XP_020619362.1	54.6	777	288	5	1	2148	42	814	6.0e-245	857.4	2154	844
g8727	XP_029179482.1	81.6	212	39	0	52	687	206	417	2.1e-98	369.0	693	420
g8729	XP_029213431.1	34.3	166	93	5	1	471	1	159	1.6e-12	83.2	480	160
g873	KXJ11973.1	65.9	182	62	0	10	555	227	408	1.6e-64	256.1	564	468
g8734	KXJ09019.1	53.7	134	62	0	10	411	878	1011	2.0e-33	152.5	456	1025
g8735	XP_029181808.1	56.6	244	101	3	4	735	75	313	2.8e-62	249.2	801	318
g8737	XP_015773214.1	92.4	807	54	3	1	2421	1	800	0.0e+00	1484.2	2448	898
g8738	PFX32172.1	90.1	172	17	0	1	516	965	1136	1.0e-81	313.2	519	1136
g8740	XP_029209449.1	93.1	204	14	0	1	612	820	1023	5.2e-109	404.1	618	1316
g8741	PFX16929.1	50.0	100	47	1	79	369	46	145	7.7e-15	90.5	372	708
g8742	KXJ09028.1	68.2	239	64	1	1	681	223	461	4.2e-92	348.2	771	968
g8743	XP_020896028.1	71.7	152	37	2	1	450	103	250	5.2e-53	217.6	459	566
g8744	XP_029201824.1	51.6	62	29	1	157	342	10	70	1.4e-06	63.2	408	425
g8745	RLJ22761.1	43.5	177	77	4	4	480	989	1160	1.2e-29	140.2	510	1227
g8746	BAC82589.1	47.7	65	34	0	202	396	272	336	2.1e-08	69.3	432	998
g8747	KXJ06438.1	36.2	177	101	4	4	531	24	189	3.2e-21	112.5	621	325
g8748	XP_029204330.1	75.0	96	24	0	1	288	276	371	8.6e-36	159.8	309	503
g8749	XP_020916364.2	56.8	95	40	1	166	447	18	112	9.7e-20	107.1	453	191
g8751	XP_029203484.1	46.4	166	62	1	4	420	875	1040	3.1e-31	145.2	432	1044
g8752	XP_029209546.1	46.5	217	89	8	1	630	1	197	5.6e-24	121.7	669	575
g8754	XP_015774017.1	62.1	227	71	1	1	681	1	212	4.6e-74	288.1	684	212
g8755	XP_015774016.1	50.0	394	163	10	13	1164	9	378	1.9e-91	346.7	1212	386
g8757	PFX32768.1	72.5	69	19	0	1	207	751	819	1.7e-11	79.3	354	1413
g8758	XP_020624597.1	33.1	275	117	3	847	1488	361	629	2.8e-31	147.1	1491	629
g8759	XP_015756712.1	61.8	225	84	2	1	672	232	455	5.8e-69	271.2	681	1173
g876	RMX59547.1	72.8	114	31	0	1	342	485	598	4.6e-40	174.9	549	689
g8760	RUA04679.1	56.6	83	35	1	1	249	397	478	3.8e-19	104.8	360	580
g8761	RMX36745.1	41.5	205	91	4	10	546	5	206	1.4e-31	146.7	555	265
g8762	XP_015778683.1	53.3	428	158	6	19	1188	47	470	4.8e-119	438.3	1191	470
g8763	PFX28920.1	85.6	270	19	2	22	774	556	824	5.5e-124	454.1	777	835
g8764	PFX28920.1	88.6	290	30	1	82	942	227	516	3.1e-145	525.0	945	835
g8765	PFX12862.1	39.6	96	57	1	139	426	18	112	1.7e-13	86.3	432	300
g8766	XP_028408828.1	56.8	81	34	1	7	246	191	271	8.5e-15	90.1	315	350
g8767	XP_015779125.1	44.8	165	79	4	22	480	142	306	1.2e-20	110.2	495	508
g8769	XP_015747177.1	42.7	110	55	3	1	324	1	104	7.5e-09	70.5	339	310
g8770	XP_015760457.1	97.8	317	7	0	1	951	1	317	1.1e-152	550.1	1185	317
g8771	KXJ07468.1	64.7	869	296	7	436	3027	432	1294	0.0e+00	1174.1	3042	1295
g8772	XP_015762209.1	53.4	494	228	2	544	2019	125	618	2.9e-138	503.1	2148	626
g8774	XP_029202647.1	67.3	199	60	1	1	582	680	878	1.5e-71	279.6	609	1577
g8775	KXJ07234.1	62.0	108	40	1	1	321	897	1004	9.7e-30	140.2	426	1958
g8776	XP_029202647.1	40.3	308	157	8	208	1059	90	394	1.2e-42	184.5	1107	1577
g8777	XP_029204345.1	50.9	222	107	2	79	741	650	870	6.6e-55	224.9	942	1090
g8778	XP_029208199.1	57.5	120	48	1	2	352	464	583	2.4e-21	112.1	355	847
g8779	XP_015764728.1	33.9	233	114	6	7	594	765	994	1.2e-17	100.5	603	1239
g8782	KXJ15842.1	48.4	186	85	3	31	588	282	456	3.6e-38	168.7	597	600
g8783	RMX61354.1	73.3	86	23	0	1	258	53	138	3.4e-26	127.9	294	550
g8784	RMX61354.1	62.9	105	39	0	1	315	446	550	1.0e-23	119.8	318	550
g8785	XP_022804186.1	95.6	225	8	1	4	672	12	236	6.0e-114	420.6	690	670
g8786	XP_022804186.1	97.3	370	10	0	1	1110	301	670	3.3e-186	661.4	1113	670
g8787	XP_029191134.1	93.7	382	24	0	1	1146	1	382	2.2e-84	323.2	1161	385
g8788	XP_020631188.1	66.0	162	50	2	1	480	1	159	2.3e-59	238.8	486	159
g879	KXJ06481.1	60.8	265	103	1	4	795	74	338	1.3e-91	346.7	798	338
g8790	XP_029191132.1	82.2	409	73	0	13	1239	6	414	3.4e-192	681.4	1242	415
g8791	XP_029191048.1	86.6	1079	136	3	1	3231	1	1072	0.0e+00	1806.2	3234	1072
g8792	XP_020631223.1	97.6	593	14	0	1	1779	288	880	0.0e+00	1132.5	1782	880
g8794	XP_020631223.1	82.7	278	45	2	1	828	1	277	1.4e-117	433.0	831	880
g8795	XP_029191143.1	59.8	266	104	2	1	789	1	266	2.4e-82	315.8	792	267
g8796	XP_029191143.1	53.8	299	102	3	1	888	1	266	4.5e-77	298.5	891	267
g8797	XP_015762410.1	93.0	142	9	1	172	594	367	508	8.2e-67	263.8	597	508
g8799	ROT65074.1	30.5	394	98	4	31	684	108	501	2.0e-33	153.3	765	579
g88	XP_029184632.1	66.8	963	310	3	1	2889	1	953	0.0e+00	1176.4	3264	978
g880	XP_022808751.1	70.2	252	39	2	1	648	1	252	2.8e-84	322.0	651	252
g8800	XP_015770519.1	90.7	407	35	2	1	1212	1	407	2.2e-196	695.3	1215	407
g8801	XP_015747172.1	43.9	367	185	6	1	1053	223	584	2.7e-73	286.2	1059	584
g8802	XP_011406657.1	57.4	169	72	0	1	507	167	335	4.5e-50	208.0	510	391
g8806	XP_015765151.1	49.5	295	139	7	10	870	10	302	5.7e-77	298.1	873	302
g8808	XP_029181592.1	71.5	123	35	0	7	375	684	806	6.4e-42	180.6	420	1612
g8811	XP_029186036.1	72.0	168	42	1	1	504	1816	1978	9.7e-53	216.9	507	1978
g8812	XP_027055270.1	71.7	502	140	2	1	1506	1	500	2.1e-186	662.5	1581	694
g8813	XP_027055270.1	72.4	482	124	2	76	1521	28	500	7.0e-182	647.5	1596	694
g8815	XP_029186037.1	72.2	1974	529	10	1	5898	1	1963	0.0e+00	2864.3	5901	1963
g8816	XP_029186015.1	81.0	263	49	1	1	786	1	263	2.3e-109	405.6	789	263
g8818	XP_015760407.1	78.4	250	54	0	22	771	7	256	3.0e-101	378.6	789	259
g8819	XP_029186010.1	83.1	540	91	0	1	1620	13	552	2.2e-255	891.7	1626	553
g882	XP_020914629.1	62.8	129	47	1	1	387	1	128	5.5e-40	174.1	390	274
g8820	XP_027055256.1	61.6	471	155	10	1	1371	1	459	5.7e-103	385.2	1410	513
g8822	XP_029186042.1	67.1	258	85	0	1	774	1	258	2.8e-91	345.5	798	641
g8823	XP_029186042.1	79.7	192	39	0	1	576	272	463	2.6e-86	328.6	579	641
g8824	XP_029183901.1	78.7	366	50	3	1	1014	17	382	1.0e-146	530.0	1026	385
g8825	XP_029202687.1	81.0	63	10	1	225	413	437	497	6.8e-20	107.5	414	553
g8826	XP_020612423.1	58.8	255	96	2	1	750	1	251	1.1e-75	293.9	894	450
g8827	XP_020604970.1	47.4	764	380	10	40	2310	283	1031	8.0e-177	632.1	4209	1326
g8829	XP_020607321.1	65.6	215	69	1	1	630	1	215	2.8e-75	292.4	783	895
g8830	XP_020623345.1	56.8	315	133	3	34	972	354	667	1.6e-88	336.7	981	1657
g8831	XP_020604970.1	39.5	339	193	8	4	1014	703	1031	2.4e-47	200.3	1308	1326
g8834	XP_020607321.1	67.6	139	40	1	1	402	1	139	6.0e-48	200.7	420	895
g8836	XP_020616445.1	51.5	274	131	1	1	816	430	703	3.6e-66	262.3	903	1037
g884	KXJ09207.1	66.7	267	88	1	1201	2001	84	349	2.5e-83	320.5	2055	381
g8844	PFX32216.1	43.6	275	140	7	82	876	357	626	3.0e-49	206.1	885	635
g8845	KXJ15515.1	52.9	357	151	4	1	1059	106	449	5.2e-96	361.7	1083	1644
g8846	XP_032223970.1	52.3	109	52	0	1	327	309	417	4.6e-21	111.7	525	461
g8847	XP_028412191.1	39.6	149	83	2	28	456	257	404	2.0e-20	109.4	459	953
g8849	XP_015759391.1	81.0	342	38	1	1	945	1	342	1.8e-148	535.8	948	342
g8850	XP_029181033.1	54.5	110	50	0	1	330	1	110	1.3e-23	120.2	528	192
g8852	XP_020613127.1	37.8	209	80	4	160	669	361	558	1.1e-21	114.8	1059	682
g8854	XP_029204460.1	95.0	381	19	0	508	1650	1	381	1.6e-208	736.1	1653	381
g8855	XP_020602774.1	92.7	179	13	0	1	537	1	179	1.8e-92	349.0	544	200
g8856	XP_029196918.1	82.6	241	42	0	22	744	8	248	1.8e-108	402.5	747	254
g8857	KXJ23364.1	32.7	223	129	4	133	753	237	454	4.1e-21	112.8	1053	454
g886	XP_029208408.1	95.5	110	4	1	1	327	1	110	6.6e-46	193.7	381	148
g8863	XP_020602772.1	86.7	278	37	0	1	834	1	278	1.3e-134	489.6	879	360
g8865	XP_022804562.1	58.8	534	202	5	1	1563	1	529	1.1e-172	617.5	2313	530
g8867	XP_015778522.1	95.0	60	3	0	970	1149	17	76	4.5e-21	112.8	1161	213
g8868	KXJ09197.1	26.9	847	339	16	43	1776	328	1163	1.1e-69	275.0	1791	3027
g8869	KXJ09197.1	26.8	847	340	16	43	1776	328	1163	2.4e-69	273.9	1791	3027
g887	XP_031563647.1	50.7	221	105	2	7	657	83	303	2.9e-60	242.3	681	621
g8870	KXJ10083.1	30.5	236	93	1	67	561	24	259	5.0e-17	99.4	1113	259
g8871	XP_022808523.1	67.9	162	51	1	1	486	307	467	1.9e-50	210.3	1086	688
g8873	XP_028394535.1	44.0	259	141	3	1	771	269	525	6.1e-54	221.5	783	528
g8874	PFX15622.1	70.1	338	100	1	259	1269	1	338	4.3e-131	478.8	1590	1714
g8875	KXJ08833.1	55.5	137	61	0	1	411	232	368	5.7e-35	157.5	414	369
g8876	XP_015778507.1	44.2	267	130	7	10	798	131	382	9.0e-46	194.5	885	407
g8877	XP_015769127.1	94.0	331	20	0	1	993	1	331	2.8e-181	644.8	996	331
g8878	XP_029212941.1	92.4	105	8	0	1	315	1	105	1.7e-45	192.2	330	352
g8879	XP_029212941.1	96.2	133	5	0	1	399	182	314	8.0e-68	267.3	648	352
g888	XP_028518865.1	54.2	216	85	2	13	618	376	591	7.0e-53	217.6	624	636
g8880	XP_015772580.1	59.5	257	75	6	1	687	1	256	1.5e-65	260.4	996	375
g8881	XP_022809986.1	96.1	467	18	0	1540	2940	1	467	3.2e-263	918.7	3126	1148
g8882	PFX13577.1	52.8	407	85	6	1	999	130	503	2.7e-106	396.0	1167	992
g8883	XP_015769127.1	94.6	331	18	0	1	993	1	331	2.0e-182	648.7	996	331
g8884	KXJ06984.1	54.0	235	93	4	1	699	1	222	4.7e-29	138.7	705	1059
g8885	XP_028409529.1	59.2	120	49	0	94	453	3	122	2.6e-34	155.6	489	511
g8887	XP_015769127.1	93.1	331	23	0	1	993	1	331	1.1e-177	632.9	996	331
g8888	XP_029199262.1	79.7	59	10	1	1	177	1	57	1.5e-14	89.4	336	402
g8889	XP_031559708.1	36.2	260	151	4	25	765	185	442	1.7e-34	157.5	1215	526
g8890	XP_029212949.1	73.2	766	134	10	1	2109	1	758	3.4e-293	1017.7	2112	758
g8891	KXJ07709.1	59.1	137	56	0	4	414	484	620	5.2e-37	164.9	606	620
g8892	XP_020607349.1	83.8	228	30	1	247	909	1	228	5.7e-88	335.1	1191	228
g8893	XP_029212943.1	69.8	295	89	0	1	885	1	295	2.8e-112	415.6	1002	317
g8894	XP_002603652.1	49.5	99	42	2	4	279	285	382	2.0e-14	89.0	324	1607
g8897	XP_029198698.1	64.1	301	108	0	4	906	7	307	2.1e-98	369.4	924	342
g8898	XP_029193344.1	81.7	312	56	1	1	933	1	312	3.9e-148	534.6	939	313
g8899	XP_029193341.1	70.3	673	181	10	1	1998	1	661	2.3e-262	915.2	2010	662
g89	XP_029207017.1	61.0	172	67	0	1	516	581	752	1.2e-53	219.9	525	803
g890	XP_015748821.1	72.0	118	32	1	166	519	73	189	3.5e-37	165.2	522	190
g8900	XP_029193343.1	84.8	479	72	1	1	1434	1	479	2.6e-236	828.2	1440	488
g8901	XP_029193373.1	92.0	350	25	1	1	1041	1	350	7.5e-182	647.5	1710	572
g8902	XP_029193377.1	89.5	344	34	1	49	1074	8	351	4.4e-180	641.0	1077	352
g8903	XP_015762390.1	84.0	693	82	5	1	2073	1	666	6.8e-294	1020.0	2076	666
g8904	XP_029193347.1	67.3	309	97	2	1	924	1	306	9.6e-115	423.7	927	306
g8905	XP_020632937.1	73.3	232	62	0	16	711	5	236	7.4e-99	370.5	714	236
g8906	XP_015762396.1	85.6	236	34	0	1	708	1	236	6.2e-122	447.2	711	236
g8907	XP_029193346.1	83.1	332	56	0	1	996	34	365	1.1e-159	573.2	999	365
g8908	XP_029193356.1	71.1	456	127	1	994	2346	5	460	4.0e-186	662.1	2349	460
g8909	XP_029193345.1	94.9	336	17	0	1	1008	1	336	4.4e-129	471.5	1011	336
g891	XP_029208711.1	57.0	272	108	4	28	825	4	272	8.3e-78	300.8	828	272
g8910	PFX22036.1	47.5	297	54	3	112	696	376	672	1.2e-58	236.9	699	1643
g8911	XP_029193265.1	44.3	122	60	2	424	789	178	291	4.8e-14	89.0	792	291
g8912	XP_015762373.1	40.3	154	85	4	250	702	235	384	7.2e-14	88.2	705	384
g8913	XP_015762342.1	74.8	127	31	1	1	381	709	834	1.7e-41	179.1	390	834
g8915	RUA04547.1	68.2	176	56	0	1	528	377	552	6.3e-61	244.2	561	698
g8916	XP_015748646.1	65.7	356	109	5	79	1134	41	387	2.6e-101	379.4	1179	442
g8917	KXJ20797.1	63.3	373	121	6	55	1149	14	378	9.1e-115	424.1	1158	945
g8919	EDO44357.1	69.6	92	27	1	136	411	1	91	5.4e-25	124.4	420	106
g892	XP_015759472.1	52.5	301	108	2	61	861	290	589	9.1e-76	294.7	1257	1047
g8920	XP_031554659.1	40.0	105	63	0	1	315	116	220	8.3e-17	97.1	375	304
g8921	XP_029186459.1	87.6	1284	120	2	1	3735	3459	4742	0.0e+00	1733.0	3741	4743
g8922	XP_029186459.1	89.9	2004	190	2	1	6012	1463	3454	0.0e+00	3634.3	6015	4743
g8923	XP_020617677.1	32.4	136	84	3	13	402	46	179	2.4e-06	62.4	405	189
g8924	XP_029186459.1	87.5	984	95	2	28	2898	445	1427	0.0e+00	1643.2	3366	4743
g8925	XP_029186459.1	94.0	450	26	1	1	1350	1	449	7.6e-244	853.2	1440	4743
g8926	XP_015752681.1	62.2	249	67	3	16	684	93	340	5.0e-68	268.1	690	416
g8927	DAC81284.1	27.6	185	130	4	4	552	191	373	2.5e-17	99.4	570	425
g893	XP_032228849.1	55.4	224	91	4	1	654	150	370	1.3e-57	233.4	669	370
g8931	XP_029199669.1	48.6	70	31	3	31	240	652	716	2.9e-08	68.6	345	773
g8933	XP_022800630.1	40.7	361	200	5	1	1050	13	370	1.2e-73	287.3	1059	380
g8934	XP_029207083.1	44.9	98	44	3	223	513	5464	5552	4.4e-08	68.6	525	5586
g8935	XP_029181441.1	98.9	181	2	0	1	543	157	337	7.9e-93	350.1	546	337
g8936	XP_029181441.1	99.2	132	1	0	1	396	9	140	4.0e-65	257.7	411	337
g8939	XP_020614802.1	47.9	163	85	0	1	489	25	187	5.3e-38	168.3	678	522
g894	XP_028412036.1	25.7	183	109	5	1	540	42	200	1.5e-07	67.4	786	379
g8941	XP_029205480.1	44.1	136	58	2	34	402	1265	1395	8.4e-16	94.0	450	1401
g8943	XP_029181592.1	81.1	95	18	0	1	285	241	335	4.2e-36	161.0	336	1612
g8944	XP_029209035.1	77.3	181	27	2	1129	1629	223	403	1.5e-67	267.7	1632	403
g8946	XP_015778805.1	79.0	452	95	0	79	1434	12	463	3.6e-201	711.4	1437	463
g8948	XP_022810589.1	49.6	125	51	2	70	408	14	138	1.5e-16	96.3	411	1321
g895	XP_028395694.1	57.0	242	101	2	4	729	309	547	3.1e-74	290.4	2265	1919
g8960	XP_029180464.1	86.8	364	47	1	1	1089	1	364	3.6e-169	604.7	1095	367
g8966	XP_029209008.1	36.3	168	92	4	105	572	41	205	8.8e-15	91.3	731	503
g8967	XP_032235148.1	55.3	103	41	1	1	294	46	148	6.4e-20	107.1	300	160
g8968	XP_027037360.1	44.2	95	53	0	94	378	46	140	2.1e-12	82.4	381	282
g8970	PFX31353.1	85.0	314	45	1	1	942	1	312	2.7e-146	529.3	1557	394
g8971	XP_029191986.1	48.5	1586	639	20	1	4368	135	1673	0.0e+00	1356.7	4374	1674
g8972	PFX31906.1	53.7	108	47	1	58	381	810	914	1.6e-18	102.8	396	1513
g898	XP_029183652.1	57.1	182	75	2	1	540	46	226	7.7e-56	227.3	546	488
g8981	XP_029191462.1	73.6	386	94	5	1	1134	1	386	6.6e-134	487.6	1140	387
g8982	XP_015754368.1	85.9	269	37	1	1	807	1	268	1.2e-124	456.4	810	268
g8983	XP_029191461.1	71.9	508	125	6	1	1491	1	501	3.0e-158	568.9	1494	501
g8984	XP_029191453.1	31.3	492	263	18	70	1377	226	698	9.7e-30	144.1	6126	1655
g8985	XP_015754355.1	50.0	92	46	0	3226	3501	1135	1226	4.1e-17	101.3	3504	1226
g8986	XP_015754369.1	98.0	199	4	0	1	597	1	199	5.8e-105	390.6	600	199
g8988	XP_015768186.1	60.3	383	143	4	40	1167	51	431	9.9e-125	457.2	1182	431
g8989	XP_015768186.1	60.3	383	143	4	40	1167	51	431	9.0e-126	460.7	1182	431
g8990	XP_029211200.1	72.9	188	32	4	7	522	75	259	1.0e-65	260.0	525	619
g8991	XP_029211200.1	81.5	162	29	1	13	498	298	458	7.2e-65	257.3	567	619
g8992	XP_029210634.1	59.4	175	70	1	55	579	1	174	5.4e-50	208.0	603	376
g8993	XP_015768186.1	60.3	383	143	4	40	1167	51	431	9.0e-126	460.7	1182	431
g8994	XP_029211200.1	80.9	162	30	1	13	498	298	458	2.1e-64	255.8	567	619
g8996	XP_015768186.1	60.1	383	143	5	40	1164	51	431	8.4e-124	454.1	1179	431
g8997	XP_029191417.1	93.5	630	39	2	1	1884	1	630	0.0e+00	1181.4	1899	1123
g8998	XP_029210056.1	46.5	790	319	10	337	2412	319	1102	3.2e-194	689.1	2415	1950
g9	XP_015748196.1	35.5	166	92	5	1	483	1	156	2.4e-10	76.3	597	194
g90	KXJ15496.1	41.9	880	214	9	907	2682	1	871	8.2e-154	555.1	2754	1144
g9000	XP_020912499.2	64.4	548	188	4	241	1869	252	797	3.8e-211	745.0	1884	1148
g9001	KXJ07654.1	49.9	343	157	4	1	1029	802	1129	1.1e-87	334.0	1056	1136
g9002	KXJ16236.1	58.2	122	51	0	1	366	336	457	1.3e-33	152.9	369	511
g9003	RMX60281.1	41.1	158	62	2	439	819	640	797	1.8e-20	110.9	1227	837
g9006	XP_019616515.1	41.8	98	42	4	28	279	6	102	3.1e-08	68.2	282	104
g9007	XP_029189088.1	78.3	129	19	2	13	372	689	817	5.4e-51	210.7	396	817
g9010	XP_029189088.1	77.9	848	135	7	1222	3711	1	814	0.0e+00	1298.9	3714	817
g9011	XP_029188365.1	82.4	4896	818	20	1	14640	1	4866	0.0e+00	7810.3	14643	4866
g9012	XP_020617382.1	65.8	202	23	2	4	609	50	205	2.8e-62	248.8	615	227
g9013	XP_020907724.1	43.1	167	81	3	61	522	1	166	3.0e-26	129.0	567	169
g9016	XP_029182528.1	94.3	247	13	1	334	1071	1	247	4.9e-126	461.5	1092	280
g9017	XP_029203681.1	32.3	468	22	1	112	630	1	468	8.2e-44	188.0	858	599
g9018	XP_015756855.1	89.5	256	27	0	1	768	1	256	3.9e-122	448.0	771	256
g9019	XP_029199507.1	85.2	768	110	1	106	2397	4	771	0.0e+00	1331.6	2400	771
g9020	XP_029180398.1	76.0	1355	93	6	1	3378	1	1352	0.0e+00	1963.7	3381	1352
g9021	XP_029179759.1	83.4	933	114	7	1	2763	441	1344	0.0e+00	1478.0	2766	1907
g9022	XP_029202615.1	70.0	40	12	0	1	120	14	53	4.0e-06	60.8	228	174
g9023	XP_029185918.1	95.0	219	11	0	1	657	1	219	1.4e-115	426.0	657	283
g9024	XP_015771973.1	89.9	138	14	0	1	414	1	138	2.2e-71	278.5	417	138
g9025	XP_029185851.1	65.0	286	98	2	16	873	10	293	1.7e-89	339.7	885	299
g9026	XP_015771970.1	75.1	241	60	0	1	723	1	241	6.4e-98	367.5	735	244
g9032	XP_020620114.1	68.6	153	47	1	259	717	89	240	1.1e-55	227.3	801	240
g9033	XP_029185910.1	67.2	201	66	0	19	621	4	204	1.2e-71	280.0	636	206
g9035	XP_020617623.1	57.7	1557	602	18	1	4545	37	1578	0.0e+00	1761.1	4548	1578
g9036	XP_027059989.1	75.0	388	97	0	568	1731	138	525	4.1e-151	545.4	1734	525
g9037	XP_015763285.1	71.0	396	112	3	394	1578	2	395	5.4e-134	488.4	1581	395
g9038	KXJ26806.1	33.7	489	315	8	256	1701	441	927	7.7e-69	272.3	2010	1452
g9039	XP_029197079.1	51.4	148	70	1	214	651	55	202	8.8e-33	151.0	684	479
g904	KXJ08980.1	33.6	140	80	3	7	387	23	162	1.5e-09	73.2	432	606
g9041	XP_028410629.1	47.4	116	61	0	10	357	51	166	4.3e-21	111.3	381	380
g9042	KXJ22519.1	41.4	140	71	4	22	411	6	144	1.6e-10	76.6	513	298
g9043	XP_029197079.1	46.5	157	81	2	145	606	46	202	7.2e-29	137.9	639	479
g9044	KXJ07937.1	81.1	122	23	0	1	366	1	122	3.5e-53	218.0	402	985
g9045	XP_020905737.1	74.5	102	22	1	10	315	2	99	1.3e-33	153.7	675	354
g9046	XP_029198012.1	88.5	52	6	0	34	189	92	143	8.2e-19	102.8	204	403
g9049	PFX13731.1	64.2	215	77	0	1	645	133	347	1.6e-76	296.2	648	2458
g9051	XP_029197079.1	36.2	406	161	8	1	957	1	395	6.6e-50	208.4	975	479
g9058	XP_015747500.1	51.1	139	59	3	1	414	439	569	6.4e-25	124.4	498	616
g9059	XP_029185938.1	84.4	365	57	0	1	1095	1	365	5.5e-170	607.4	1098	772
g906	XP_003731095.2	46.7	165	84	2	4	489	516	679	1.9e-30	142.9	528	1363
g9060	XP_029185944.1	73.1	264	67	2	1	780	1	264	4.6e-70	275.0	783	264
g9061	XP_029185938.1	93.8	402	24	1	7	1212	362	762	3.5e-213	751.1	1224	772
g9062	XP_020629525.1	75.6	254	61	1	1	759	1	254	3.0e-66	262.3	762	254
g9067	XP_027037548.1	46.1	128	60	5	1	375	5	126	1.1e-16	97.1	513	246
g907	XP_029199311.1	39.7	141	84	1	22	444	352	491	1.2e-20	110.2	468	797
g9072	XP_029180977.1	59.8	674	233	9	43	1968	251	918	2.2e-217	765.8	1971	918
g9073	XP_020603359.1	64.7	597	153	6	1	1647	32	618	6.6e-203	717.6	1923	618
g9076	XP_020603333.1	67.7	161	50	2	127	609	83	241	3.9e-56	228.4	621	243
g9077	XP_020603332.1	53.3	364	153	4	1	1074	1	353	1.4e-96	363.6	1098	356
g9079	XP_015747707.1	65.1	106	35	1	1	312	1	106	4.3e-34	154.8	477	153
g908	XP_033739150.1	35.6	343	177	9	6	1016	16	320	6.6e-48	201.8	1034	460
g9080	RMX55502.1	63.8	105	37	1	1	315	1	104	2.8e-32	148.3	330	816
g9081	KAF3924499.1	42.4	349	164	5	271	1215	5	350	2.0e-71	280.4	1389	362
g9082	RMX57622.1	44.0	75	39	3	154	375	8	80	7.1e-06	60.8	405	111
g9085	XP_029210994.1	90.1	252	25	0	1	756	615	866	2.9e-125	458.4	759	872
g9087	XP_029210994.1	85.0	866	129	1	40	2634	1	866	0.0e+00	1405.2	2637	872
g909	XP_029179363.1	89.5	124	9	2	4	366	91	213	1.7e-54	222.2	367	377
g9092	PFX21010.1	91.4	456	26	1	13	1341	48	503	1.6e-235	825.5	1341	1798
g9093	PFX16427.1	64.5	107	37	1	1	318	1	107	1.3e-26	129.4	321	796
g9098	XP_020619116.1	87.3	308	39	0	343	1266	38	345	1.1e-153	553.5	1269	351
g9099	XP_015759472.1	48.6	1167	451	17	148	3624	20	1045	6.7e-297	1030.8	3633	1047
g91	XP_029184591.1	45.8	155	75	4	7	447	460	613	4.2e-27	131.7	513	822
g910	PFX15555.1	59.1	132	50	1	19	402	173	304	2.0e-37	165.6	405	1477
g9101	PFX24096.1	69.4	85	15	2	58	282	37	120	3.0e-21	111.7	345	393
g9104	XP_020907861.1	51.9	235	106	2	1	684	183	417	3.7e-61	245.4	741	1304
g9105	XP_029199715.1	69.8	202	48	3	1	603	149	338	5.2e-77	297.7	606	340
g911	KXJ13530.1	71.0	169	49	0	1	507	317	485	4.3e-64	254.6	519	807
g9111	XP_029211052.1	57.6	59	22	2	19	195	100	155	3.1e-06	61.2	228	215
g9113	XP_027038654.1	93.5	46	3	0	1	138	1	46	2.9e-20	107.1	138	136
g9114	XP_015775732.1	61.8	55	18	1	202	366	35	86	1.1e-09	74.7	975	428
g9115	XP_029181580.1	68.1	700	207	5	1	2076	1	692	5.1e-257	897.5	2094	695
g9116	XP_029181581.1	37.8	209	105	8	61	678	1	187	9.8e-16	94.4	684	520
g9117	XP_029181581.1	76.9	290	67	0	40	909	229	518	1.7e-127	466.1	918	520
g9119	PFX12612.1	91.3	127	11	0	1	381	19	145	9.0e-63	250.0	441	720
g912	XP_027042035.1	44.1	93	51	1	25	303	30	121	1.5e-08	69.3	306	450
g9120	XP_028412494.1	28.3	191	101	4	16	564	197	359	1.5e-07	67.0	621	690
g9121	XP_029181050.1	51.7	574	214	15	67	1614	195	763	1.5e-126	463.8	1626	772
g9122	XP_027053689.1	52.1	1046	404	25	1	3036	1	983	1.7e-152	550.8	3039	985
g9123	XP_015770354.1	75.0	156	35	2	1	468	1	152	5.6e-58	234.2	486	300
g9124	XP_020607610.1	40.8	255	126	9	103	831	36	277	4.9e-28	135.6	873	324
g9125	XP_029179268.1	90.3	756	66	2	1	2247	1	756	0.0e+00	1388.6	2250	837
g9126	XP_015762230.1	73.1	93	25	0	1	279	230	322	1.8e-32	148.7	282	322
g9127	XP_029190811.1	72.9	472	123	3	16	1431	6	472	1.0e-200	709.9	1434	472
g9128	XP_027059374.1	67.6	970	253	12	49	2841	18	965	0.0e+00	1226.8	2961	1030
g9129	XP_029190783.1	78.6	987	209	2	28	2988	22	1006	0.0e+00	1576.6	3012	3222
g9130	XP_029190783.1	74.4	2162	398	4	2812	9288	26	2035	0.0e+00	3162.5	9597	3222
g9131	XP_015762233.1	87.8	1192	145	1	1	3573	1	1192	0.0e+00	1986.1	3576	1192
g9132	XP_029190812.1	63.3	384	137	4	7	1146	2	385	7.0e-131	477.6	1161	389
g9133	XP_015762233.1	87.8	337	39	1	1	1005	856	1192	2.4e-156	562.0	1008	1192
g9134	XP_029190812.1	63.3	384	135	4	7	1149	2	382	1.3e-132	483.4	1173	389
g9135	XP_029190783.1	93.8	96	6	0	1	288	3111	3206	2.2e-42	181.8	321	3222
g9136	XP_029190812.1	63.3	384	135	4	7	1149	2	382	1.3e-132	483.4	1173	389
g9137	XP_029190783.1	86.6	112	13	1	1	330	3111	3222	4.4e-46	194.1	333	3222
g9138	XP_029190812.1	63.8	381	133	5	7	1134	2	382	1.4e-131	479.9	1158	389
g9140	XP_029190756.1	60.1	313	111	4	1168	2097	9	310	1.5e-91	347.8	2100	310
g9141	XP_029186493.1	75.3	271	59	2	25	837	7	269	2.5e-98	369.0	838	392
g9143	XP_020623987.1	41.4	1509	692	31	94	4227	19	1465	2.5e-290	1009.2	4359	1493
g9144	XP_031549911.1	51.9	108	48	3	1	321	1	105	3.6e-16	94.7	327	119
g9146	XP_014664083.1	61.7	107	41	0	1	321	141	247	7.9e-32	146.7	324	249
g915	XP_015761290.1	67.8	426	123	4	490	1746	195	613	4.1e-167	598.6	1773	967
g9150	XP_027038563.1	40.4	1134	510	23	40	3042	3	1103	5.2e-221	778.5	3126	1713
g9153	XP_020624006.1	40.1	1619	742	27	997	5778	12	1427	2.7e-303	1052.7	5934	1463
g9154	XP_029186590.1	72.7	249	67	1	1	744	1	249	8.9e-87	330.5	753	249
g9155	XP_027037387.1	80.9	345	65	1	1	1032	1	345	2.2e-83	319.7	1044	347
g9156	XP_015766875.1	62.4	274	79	3	1	750	60	333	2.9e-88	335.5	777	333
g9158	XP_015766921.1	94.4	124	7	0	1	372	1	124	2.4e-64	255.0	378	125
g9159	XP_027037404.1	92.6	282	20	1	1	846	1	281	1.9e-130	475.7	849	281
g9160	PFX13810.1	54.8	221	97	2	130	789	6	224	2.3e-57	233.0	900	554
g9162	KXJ20602.1	56.5	446	174	5	4	1314	166	600	2.0e-143	519.6	1458	904
g9163	KXJ20602.1	53.6	194	68	1	55	636	623	794	4.9e-49	204.9	651	904
g9164	XP_029183740.1	41.0	122	67	3	55	414	93	211	5.6e-14	87.8	420	212
g9166	KXJ20512.1	49.0	206	95	3	7	618	4	201	3.2e-41	179.5	933	885
g9167	RMX41442.1	47.4	171	51	4	211	678	15	161	2.0e-30	143.3	756	192
g9168	XP_029183288.1	85.1	174	25	1	1	519	1	174	3.5e-74	288.1	522	357
g9169	XP_029181644.1	83.7	98	16	0	1	294	211	308	1.2e-35	159.5	318	329
g917	XP_029208704.1	47.9	284	137	5	7	834	235	515	2.0e-67	266.5	939	681
g9171	XP_029181495.1	77.4	380	21	1	19	963	205	584	1.7e-151	545.8	966	584
g9174	XP_029198119.1	46.9	303	23	2	7	507	332	632	3.1e-47	199.9	1272	632
g9175	XP_029198119.1	91.3	160	10	1	25	492	60	219	1.5e-69	272.7	495	632
g9179	XP_002740108.1	38.9	545	296	9	121	1716	2	522	5.2e-98	369.0	1719	522
g918	XP_027055202.1	40.5	79	44	1	19	255	129	204	3.6e-06	61.2	270	239
g9180	PFX23457.1	43.9	139	66	3	388	804	189	315	2.8e-17	99.8	813	645
g9181	XP_022781701.1	46.0	63	32	1	28	216	68	128	5.1e-08	67.4	273	227
g9182	KXJ16847.1	29.9	254	119	5	334	918	494	747	2.9e-23	119.8	924	750
g9188	XP_022110364.1	43.5	138	69	4	1	396	1076	1210	6.7e-24	120.9	468	1621
g9189	XP_031574425.1	59.5	121	49	0	366	4	577	697	1.9e-34	155.6	366	718
g9190	XP_028410627.1	36.8	603	322	13	46	1722	19	606	2.1e-91	347.1	1725	900
g9191	KXJ07649.1	60.1	193	70	2	403	960	2045	2237	7.4e-60	241.5	1020	2243
g9192	XP_015772917.1	50.7	381	173	6	61	1164	118	496	5.4e-99	371.7	1167	668
g9193	XP_022799868.1	81.9	525	94	1	634	2205	1	525	5.4e-249	870.9	2208	525
g9196	XP_022789683.1	49.2	671	291	14	229	2181	63	703	5.4e-156	562.0	2235	768
g9197	XP_029212338.1	86.1	303	42	0	28	936	1	303	1.3e-135	493.0	945	304
g9198	XP_015765823.1	58.3	518	203	8	1	1539	1	510	1.7e-156	563.1	1542	510
g9199	XP_022809566.1	87.8	181	22	0	1	543	1125	1305	1.2e-83	319.7	549	1306
g92	XP_015749194.1	36.9	268	125	7	1132	1863	42	289	1.5e-35	161.8	2079	590
g920	XP_029182296.1	83.6	268	44	0	1	804	48	315	2.3e-126	462.2	861	433
g9200	XP_022809566.1	91.9	309	25	0	1	927	765	1073	1.2e-165	592.8	957	1306
g9201	XP_022809566.1	75.8	607	65	2	2155	3732	81	686	2.2e-247	866.3	3735	1306
g9202	XP_015779027.1	87.0	193	24	1	127	702	1	193	1.7e-79	306.2	705	493
g9204	XP_029209949.1	86.9	290	38	0	1	870	1	290	1.9e-149	538.9	873	294
g9205	XP_029208704.1	96.3	328	12	0	1	984	213	540	4.4e-181	645.2	2001	681
g9206	XP_029209947.1	85.8	261	36	1	94	873	38	298	1.8e-131	479.2	888	318
g9207	XP_029191894.1	64.0	111	38	1	1	333	89	197	5.7e-33	150.6	339	511
g9209	KXJ12293.1	36.0	125	77	2	1	375	494	615	2.6e-10	75.5	384	1192
g9211	XP_015768246.1	92.6	489	36	0	1	1467	1	489	4.7e-265	923.7	1470	489
g9212	XP_015768250.1	66.7	300	98	2	22	921	4	301	1.1e-107	400.2	924	301
g9213	AFI24614.1	55.1	49	22	0	111	257	27	75	5.5e-08	67.4	294	86
g9214	AFI24614.1	75.4	61	15	0	85	267	25	85	4.8e-22	114.0	273	86
g9215	XP_015751783.1	96.2	529	20	0	829	2415	1	529	1.9e-300	1042.0	2418	529
g9216	XP_015751782.1	85.1	228	4	1	1	684	1	198	8.0e-99	370.9	1008	200
g922	XP_015766420.1	93.8	322	20	0	1	966	1	322	1.1e-164	589.7	969	392
g9221	XP_029191854.1	92.6	258	18	1	1	771	44	301	4.7e-131	477.6	774	301
g9222	XP_029191849.1	73.8	561	119	5	1	1677	1	535	3.8e-218	768.1	1689	538
g9223	XP_029191847.1	62.3	559	193	4	28	1698	6	548	9.8e-185	657.1	1773	549
g9224	XP_015768245.1	72.9	535	122	9	1	1593	1	516	4.1e-206	728.0	1596	516
g9225	WP_139476209.1	41.1	168	96	2	58	558	143	308	1.7e-27	133.3	597	336
g9226	XP_029191790.1	72.4	417	105	4	1	1227	1	415	1.4e-174	622.9	1236	419
g9227	XP_015761042.1	42.3	163	93	1	40	525	15	177	1.6e-26	130.2	696	411
g9229	XP_015761396.1	44.1	186	95	4	1	549	1	180	7.4e-30	141.0	558	193
g9230	XP_029192394.1	71.3	506	145	0	106	1623	1	506	7.8e-213	750.4	1629	506
g9231	XP_015773105.1	80.0	510	100	2	1	1524	18	527	5.6e-237	830.5	1530	528
g9232	XP_020602294.1	100.0	451	0	0	1	1353	1	451	1.3e-264	922.2	1356	451
g9233	XP_029192421.1	57.8	135	48	1	40	417	13	147	1.9e-33	152.5	420	147
g9234	XP_015773103.1	66.9	580	174	5	1	1737	1	563	7.3e-209	737.3	1740	563
g9235	XP_029192379.1	85.6	520	71	1	1	1548	1	520	9.6e-261	909.4	1551	520
g9236	XP_015773104.1	93.0	128	9	0	1	384	1	128	3.7e-68	267.7	387	128
g9237	XP_029192381.1	84.5	470	71	1	1	1404	1	470	8.0e-230	806.6	1407	470
g9238	PFX20023.1	55.6	90	34	4	238	501	1	86	1.7e-12	83.2	516	89
g9239	XP_029192378.1	78.5	1054	220	5	1	3156	1	1049	6.0e-294	1020.8	3159	1049
g9240	XP_029192426.1	80.8	317	49	1	1	915	1	317	7.1e-89	337.8	954	555
g9241	XP_029179612.1	65.8	1981	503	4	505	5925	2154	4134	0.0e+00	2782.7	5928	4134
g9242	XP_015763287.1	85.5	117	16	1	22	372	33	148	3.3e-50	208.0	375	271
g9245	XP_015777585.1	58.8	131	50	2	16	408	74	200	1.8e-29	139.4	468	462
g9246	XP_015777599.1	66.9	508	120	4	1	1383	1	507	3.2e-191	678.3	1392	509
g9247	XP_015755751.1	59.7	273	107	3	4	819	90	360	3.5e-87	332.0	867	363
g9250	XP_029210788.1	69.6	158	47	1	409	882	7	163	3.4e-53	219.2	894	166
g9251	XP_015757582.1	40.7	587	173	7	45	1289	1535	2118	4.1e-87	332.4	1319	2119
g9252	XP_029211901.1	71.9	302	73	4	10	882	6	306	6.3e-122	447.6	951	337
g9254	XP_029211857.1	75.9	547	124	4	1	1638	1	540	2.2e-231	812.0	1641	540
g9255	XP_029211896.1	96.6	1130	38	0	16	3405	4	1133	0.0e+00	2238.0	3408	1133
g9257	XP_029179268.1	97.4	389	10	0	1	1167	449	837	4.8e-220	773.9	1170	837
g9258	XP_029179268.1	82.6	432	18	3	472	1599	1	431	2.8e-199	705.3	1602	837
g926	PFX32768.1	52.0	709	272	6	1	1926	1	708	8.4e-201	710.7	1986	1413
g9260	XP_029212078.1	95.3	211	10	0	1	633	1	211	6.8e-107	397.1	654	646
g9265	XP_029212087.1	97.0	100	3	0	1	300	1	100	6.2e-47	196.8	303	100
g927	XP_022789291.1	71.4	42	12	0	88	213	8	49	3.2e-09	71.6	321	109
g9274	XP_015768620.1	78.0	82	15	2	1	240	1	81	2.1e-24	121.7	246	423
g9275	XP_020628870.1	72.4	1455	397	3	46	4398	18	1472	0.0e+00	1785.4	4400	1592
g9276	XP_029194161.1	86.0	385	51	2	1	1146	57	441	3.5e-183	651.4	1149	441
g9277	XP_029197672.1	87.6	412	51	0	1	1236	1	412	4.3e-211	744.2	1239	412
g9278	XP_029197683.1	63.0	108	26	2	1	321	1	95	3.8e-26	127.9	324	95
g9279	XP_029197680.1	72.2	176	48	1	1	528	1	175	4.6e-61	244.6	531	178
g9280	XP_029197679.1	53.1	407	165	6	1	1203	1	387	2.8e-98	369.4	1206	390
g9281	XP_029197681.1	85.0	100	15	0	1	300	1	100	9.1e-43	183.3	390	135
g9283	XP_015767312.1	56.7	379	157	4	88	1206	135	512	1.1e-123	453.8	1212	513
g9284	XP_020616160.1	91.3	323	28	0	1	969	1	323	1.1e-161	579.7	972	323
g9285	XP_020631484.1	41.1	90	53	0	106	375	42	131	3.0e-06	62.0	378	1332
g9286	XP_020631484.1	81.1	106	20	0	4	321	654	759	2.2e-42	181.8	324	1332
g9287	XP_029194164.1	53.4	118	53	1	1	348	319	436	7.0e-26	127.5	456	442
g9288	XP_022782055.1	93.4	473	28	2	1	1410	1	473	1.3e-33	154.8	1413	1030
g9289	XP_029195847.1	85.1	422	60	1	1	1266	8	426	1.0e-207	733.0	1278	429
g929	XP_027043232.1	46.0	150	33	2	55	504	17	118	1.6e-15	93.2	513	120
g9290	XP_015776821.1	83.9	416	40	1	1	1167	1	416	4.9e-201	710.7	1170	416
g9294	XP_029195823.1	83.3	992	165	1	1	2976	1	991	0.0e+00	1631.7	2979	991
g9295	KXJ10014.1	65.5	58	20	0	199	372	342	399	4.1e-16	94.7	375	844
g9296	XP_015748661.1	50.6	85	37	1	64	318	241	320	4.0e-08	68.2	366	321
g9297	XP_029213834.1	63.8	127	45	1	10	387	8	134	1.6e-42	182.6	396	138
g9299	XP_015778590.1	50.0	136	65	2	4	411	14	146	7.6e-27	130.6	420	1184
g93	XP_029199249.1	58.8	240	98	1	385	1101	1	240	1.7e-78	303.5	1110	240
g930	XP_015764047.1	88.6	176	14	1	1	528	1	170	4.1e-70	274.6	531	170
g9300	XP_029181509.1	92.8	221	16	0	55	717	1	221	4.0e-111	411.4	759	411
g9301	XP_029203533.1	82.9	380	64	1	1	1137	1	380	5.7e-178	634.0	1137	883
g9302	XP_015779729.1	71.8	181	51	0	1	543	1	181	1.8e-68	269.2	546	181
g9303	XP_015773583.1	64.0	331	92	2	1	912	1	331	7.0e-113	417.5	948	352
g9306	XP_015773592.1	58.3	204	68	5	1	591	1	194	2.2e-56	229.2	594	194
g9307	PFX34724.1	44.6	251	137	2	10	759	243	492	6.6e-56	228.0	789	2230
g9308	XP_015766090.1	53.4	116	52	1	1	348	392	505	6.4e-25	124.4	495	907
g9309	KXJ16672.1	34.7	619	164	11	1	1140	975	1592	2.2e-84	323.2	1146	2331
g931	RMX54737.1	65.0	100	24	3	1	300	1	89	1.1e-20	109.8	342	119
g9310	KXJ16672.1	58.5	123	51	0	1	369	789	911	1.6e-33	152.5	372	2331
g9311	KXJ16672.1	32.5	252	136	1	7	762	519	736	3.7e-32	149.1	765	2331
g9312	XP_029203518.1	70.6	517	140	6	1	1536	1	510	1.1e-195	693.3	1548	514
g9313	XP_015773897.1	72.8	519	135	3	292	1848	1	513	1.9e-223	785.8	1884	534
g9314	XP_029203515.1	73.0	1233	308	6	1	3639	59	1286	0.0e+00	1747.3	3648	1288
g9315	XP_029203513.1	72.5	1291	316	3	1	3765	1	1288	0.0e+00	1837.0	3774	1290
g9316	XP_029210909.1	63.5	252	89	2	76	825	2	252	3.9e-86	328.6	867	334
g9319	XP_015754793.1	50.5	317	146	6	1	948	3	309	1.3e-82	317.0	951	311
g9320	XP_014678985.1	71.3	94	27	0	256	537	52	145	5.8e-27	131.3	552	161
g9321	XP_022806636.1	45.5	178	91	3	4	522	1021	1197	1.6e-27	133.3	570	1275
g9327	XP_029207055.1	81.5	271	20	2	517	1242	1	270	1.1e-113	420.6	1245	290
g9328	XP_029192039.1	89.9	99	10	0	1	297	1	99	2.7e-47	198.0	299	176
g9329	XP_029192036.1	73.6	273	67	3	25	837	4	273	1.1e-109	406.8	840	273
g9330	XP_015754089.1	48.1	724	227	12	1	1797	5	704	3.1e-157	565.8	1824	728
g9339	XP_015763855.1	46.7	92	49	0	1129	1404	213	304	1.4e-16	98.2	1431	312
g934	XP_028412055.1	49.3	221	100	3	1	651	610	822	1.1e-45	193.7	660	826
g9340	XP_015754088.1	65.8	219	73	2	331	984	571	788	9.8e-65	257.7	1005	792
g9342	XP_029205776.1	54.1	157	70	2	1	468	1	156	5.8e-31	144.4	477	245
g9343	XP_029210382.1	65.2	187	64	1	13	570	58	244	1.7e-51	213.4	792	271
g9344	XP_029210379.1	68.9	151	47	0	4	456	33	183	5.9e-57	230.7	459	278
g9345	XP_032241119.1	50.4	139	66	1	1	408	77	215	8.5e-32	147.1	456	264
g9347	XP_015750138.1	53.3	105	43	4	172	474	54	156	1.1e-19	107.1	498	277
g9348	XP_029182056.1	56.3	222	91	3	1	660	1	218	8.7e-57	230.7	681	354
g935	XP_028412055.1	56.8	176	75	1	1	525	386	561	4.4e-44	188.3	603	826
g9350	XP_015755751.1	60.4	273	105	3	184	999	90	360	1.5e-87	333.6	1047	363
g9351	KXJ22254.1	28.9	305	97	3	1	555	180	484	2.0e-27	132.9	558	546
g9352	XP_031573215.1	61.4	57	22	0	247	417	107	163	5.6e-14	87.8	420	342
g9353	PIK62110.1	50.9	116	57	0	34	381	323	438	6.1e-21	110.9	411	694
g9354	XP_029196292.1	67.2	265	64	2	1	726	184	448	4.4e-99	371.3	729	448
g9355	XP_029200625.1	77.4	137	30	1	1	408	1	137	2.4e-49	205.3	414	140
g9356	XP_029200694.1	87.2	179	23	0	1	537	1	179	7.8e-85	323.6	540	179
g9357	XP_020606136.1	92.5	106	8	0	1	318	1	106	5.4e-49	203.8	321	106
g9358	XP_029199526.1	71.6	261	69	4	1	771	1	260	8.3e-104	387.1	774	260
g9359	XP_020606046.1	81.2	340	64	0	1	1020	1	340	3.8e-165	591.3	1023	340
g936	XP_028412055.1	71.3	202	54	1	13	606	168	369	2.3e-72	282.3	609	826
g9360	XP_029200793.1	64.3	1180	398	12	1	3531	1	1160	0.0e+00	1333.2	3537	1161
g9361	XP_029200726.1	71.7	407	107	5	1	1212	1	402	8.3e-151	543.9	1215	402
g9362	XP_015748234.1	70.7	372	103	4	1	1101	1	371	3.2e-141	511.9	1104	371
g9364	XP_015774326.1	83.5	85	14	0	7	261	48	132	3.0e-29	138.3	342	132
g9367	XP_020603908.1	68.9	161	50	0	1	483	248	408	8.0e-59	237.3	582	654
g9368	XP_020603908.1	69.1	110	32	2	1	327	462	570	2.3e-34	155.2	339	654
g9369	XP_029200710.1	76.1	985	228	5	1	2952	1	979	0.0e+00	1438.3	2955	979
g937	KXJ26783.1	50.8	126	62	0	1	378	282	407	8.7e-30	140.2	381	463
g9370	ABI50930.1	80.7	327	63	0	1	981	1	327	7.7e-147	530.4	984	327
g9372	XP_031556357.1	42.3	78	40	1	420	653	303	375	7.8e-08	68.2	711	382
g9373	RMX44409.1	52.9	191	85	1	58	630	60	245	2.0e-46	196.4	732	275
g9374	XP_015757621.1	52.4	349	146	8	1	1029	3	337	5.0e-83	318.5	1062	337
g9375	XP_032233271.1	57.6	139	53	1	4	402	86	224	2.2e-32	149.4	594	377
g9377	XP_029195823.1	73.4	282	16	2	55	723	710	991	6.8e-108	400.6	726	991
g9379	XP_020625692.1	75.7	103	25	0	10	318	132	234	4.2e-39	171.0	345	263
g9381	XP_015768293.1	72.9	451	113	2	10	1356	3	446	2.1e-199	706.1	2055	675
g9382	XP_029191876.1	86.4	1033	135	5	1	3093	1	1030	0.0e+00	1800.0	3096	1030
g9383	XP_027047247.1	77.5	408	91	1	1	1224	1	407	4.6e-125	458.4	1227	481
g9384	PFX24434.1	52.4	124	59	0	1	372	36	159	8.3e-33	151.0	645	583
g9387	XP_029191015.1	69.5	1025	295	7	1	3072	1	1008	0.0e+00	1285.0	3075	1008
g939	XP_015767176.1	55.2	172	29	1	310	681	90	261	1.5e-24	123.6	684	261
g9390	XP_015762563.1	93.7	253	16	0	1	759	124	376	1.1e-132	483.0	762	376
g9391	XP_006824225.1	41.7	641	316	9	1	1785	119	747	1.5e-132	483.8	1788	747
g9392	KXJ26783.1	49.5	111	43	3	1	294	59	169	7.3e-19	104.8	693	463
g9393	XP_029182269.1	50.3	177	49	2	7	420	224	400	2.0e-40	176.4	705	405
g9394	XP_015753449.1	65.0	351	122	1	13	1065	4	353	2.9e-131	478.8	1068	353
g9398	XP_029211187.1	79.9	473	92	2	1	1413	1	472	6.2e-214	753.8	1416	472
g9399	XP_020615375.1	71.8	475	123	4	7	1407	6	477	3.5e-193	684.9	1410	477
g94	XP_020627481.1	42.1	895	429	25	13	2604	3	839	3.0e-137	500.0	2616	846
g940	XP_029195932.1	43.6	110	50	5	4	330	208	306	7.6e-08	67.8	531	365
g9401	RMX43357.1	43.0	453	118	4	487	1842	2	315	6.8e-88	335.5	1845	315
g9402	XP_015760814.1	70.9	175	26	1	40	489	408	582	1.8e-57	232.6	531	583
g9407	RMX52195.1	51.4	109	37	2	79	363	311	417	7.6e-23	117.1	366	533
g9409	XP_029182179.1	45.2	186	87	2	16	573	14	184	2.6e-23	119.4	627	185
g941	XP_032234064.1	60.6	165	65	0	49	543	85	249	1.0e-49	207.2	678	275
g9410	XP_028414665.1	36.0	1387	773	23	526	4518	7	1335	2.2e-242	850.1	5037	1338
g9412	XP_029181474.1	57.9	133	56	0	1	399	30	162	2.6e-30	142.1	438	162
g9413	KXJ28667.1	46.3	80	40	1	49	279	226	305	1.3e-10	76.3	315	438
g9414	KXJ08430.1	38.0	166	97	4	52	537	351	514	1.4e-25	126.7	543	964
g9415	XP_031556377.1	46.9	113	59	1	16	354	199	310	3.1e-21	111.7	357	388
g9416	XP_015775397.1	72.9	96	26	0	4	291	661	756	3.9e-30	141.0	294	1166
g9417	PFX13244.1	40.0	155	93	0	10	474	112	266	1.4e-25	126.7	528	773
g9418	KXJ05006.1	61.0	182	71	0	373	918	94	275	7.0e-57	231.5	933	278
g9419	XP_015762084.1	75.7	115	23	1	49	378	353	467	6.6e-38	167.2	381	467
g942	PFX32107.1	45.5	189	93	5	106	660	12	194	6.7e-31	144.8	726	1596
g9421	XP_022810589.1	43.0	107	57	2	18	338	378	480	6.6e-13	84.0	342	1321
g9423	XP_027045712.1	33.5	218	133	7	4	645	37	246	5.1e-22	115.2	651	409
g9424	KXJ18944.1	36.0	272	79	9	1	543	1231	1498	2.6e-29	139.8	879	2018
g9425	XP_015778362.1	50.1	337	146	5	1	981	1	325	1.1e-84	323.9	996	328
g9426	XP_029208047.1	78.9	194	27	2	1	543	131	323	7.9e-77	297.0	546	323
g9427	XP_028519494.1	54.0	174	79	1	22	540	35	208	3.1e-49	205.3	543	430
g9428	KXJ18944.1	53.8	208	77	2	1	579	974	1177	8.8e-50	207.2	582	2018
g943	PFX26444.1	79.2	154	29	1	328	789	415	565	4.9e-59	238.4	792	829
g9431	KXJ22303.1	35.2	213	126	6	1	612	267	476	1.5e-18	104.0	804	850
g9433	KXJ22420.1	45.4	97	53	0	58	348	150	246	6.6e-13	84.3	447	422
g9434	XP_015755926.1	49.3	203	100	1	1	609	69	268	7.2e-38	167.9	705	287
g9435	XP_015747324.1	54.2	430	119	5	76	1143	303	728	5.1e-118	434.9	1146	728
g9437	XP_027054895.1	60.8	186	71	2	1	558	1	184	9.8e-60	240.4	609	198
g9438	GBN91246.1	33.7	172	109	4	127	639	1	168	2.1e-18	103.2	684	168
g9439	XP_015777902.1	46.6	406	205	4	28	1218	41	443	9.8e-107	397.5	1236	443
g944	KXJ16458.1	40.4	109	57	2	205	507	26	134	1.4e-09	73.9	702	2284
g9448	XP_015775822.1	50.3	163	66	3	1	444	1	163	1.4e-32	150.2	621	180
g9449	GBN91246.1	32.6	172	111	3	223	735	1	168	8.9e-18	101.3	762	168
g9459	XP_029190147.1	62.2	333	122	4	28	1020	103	433	4.1e-106	395.2	1032	438
g9462	XP_015926888.1	31.3	163	104	4	1	471	1	161	1.4e-12	83.6	543	201
g9463	GBL85504.1	25.9	162	114	2	16	483	3	164	9.4e-09	70.9	555	168
g9465	XP_027051935.1	47.4	116	61	0	121	468	193	308	7.5e-19	104.4	540	317
g9466	XP_029199583.1	43.5	191	106	1	217	783	54	244	4.5e-36	162.2	807	253
g947	PFX13527.1	66.0	144	49	0	1	432	65	208	9.3e-51	210.3	519	416
g9473	XP_029189973.1	41.4	128	75	0	316	699	211	338	3.3e-22	115.9	717	673
g948	XP_029191986.1	38.1	627	234	6	7	1446	865	1484	6.5e-110	408.3	1449	1674
g949	XP_028514702.1	46.9	81	41	2	265	501	36	116	2.0e-10	76.6	660	806
g95	XP_029184564.1	67.3	147	43	1	115	555	1	142	5.7e-45	191.4	663	208
g950	XP_020622725.1	32.6	187	120	4	4	555	277	460	7.0e-18	101.3	600	461
g951	XP_028405812.1	36.8	106	61	1	1	318	226	325	4.8e-10	74.7	408	481
g9518	XP_029181919.1	55.9	515	154	2	1	1326	1	515	1.2e-142	516.9	1392	1127
g9519	XP_029181919.1	56.5	299	121	5	1	891	836	1127	3.6e-82	315.5	900	1127
g952	XP_015772990.1	56.9	102	42	1	13	318	2	101	1.2e-19	106.7	417	381
g9520	XP_029194536.1	60.7	1288	403	16	52	3888	859	2052	0.0e+00	1379.0	3924	2054
g9521	XP_029179761.1	56.8	785	277	13	508	2745	13	774	1.2e-240	843.6	2859	1794
g9522	XP_022778981.1	53.4	635	293	2	1165	3069	47	678	3.7e-185	659.4	3321	690
g9523	XP_029194536.1	67.6	179	55	2	1	531	1651	1828	5.7e-51	211.1	540	2054
g9525	XP_033096576.1	44.7	188	103	1	13	573	6	193	1.3e-40	176.8	576	412
g9526	XP_034322447.1	39.3	122	71	2	37	393	1	122	4.5e-09	71.6	453	1107
g9527	XP_002588122.1	43.8	160	83	4	4	477	97	251	1.4e-23	120.2	573	1257
g9528	XP_033467932.1	46.6	279	131	1	1	783	1	279	2.4e-66	262.7	792	279
g9529	XP_029181301.1	68.1	119	38	0	1	357	174	292	1.7e-35	159.1	360	292
g953	XP_015772990.1	69.5	95	25	1	1	285	163	253	3.4e-26	127.9	288	381
g9530	XP_034020900.1	35.6	275	146	9	4	786	26	283	8.3e-33	151.4	840	288
g9536	RMX60664.1	81.8	132	24	0	1	396	1	132	7.4e-56	226.9	399	133
g9537	XP_014675269.1	63.4	361	84	1	43	981	156	516	3.5e-126	461.8	1023	568
g9539	XP_015761935.1	63.4	1414	377	14	1	4206	1	1285	0.0e+00	1602.4	4212	1286
g954	XP_015747172.1	98.5	584	9	0	484	2235	1	584	0.0e+00	1148.7	2238	584
g9540	XP_015761937.1	98.7	150	2	0	1	450	1	150	1.4e-79	305.8	453	150
g9541	XP_022792559.1	68.4	829	212	5	1	2481	1	781	0.0e+00	1153.7	2484	781
g9542	XP_029181492.1	40.7	108	60	2	1	324	859	962	5.5e-10	74.3	357	1162
g9543	XP_015752292.1	52.7	169	70	3	133	633	1	161	1.5e-34	156.8	636	969
g9544	XP_015760158.1	81.2	266	50	0	1	798	1	266	1.9e-127	465.7	807	268
g9545	XP_027040552.1	65.7	140	46	1	1	420	642	779	1.2e-48	203.0	423	779
g9546	XP_020600952.1	57.1	674	193	2	25	1758	53	726	3.5e-223	785.0	2001	813
g9547	XP_028395327.1	34.1	164	104	3	520	1005	690	851	3.0e-13	86.7	1011	890
g9550	XP_015768155.1	65.2	325	113	0	10	984	7	331	6.0e-115	424.5	990	331
g9551	XP_015755214.1	52.5	177	84	0	1	531	50	226	1.2e-43	186.8	573	319
g9553	XP_029204326.1	46.4	239	113	7	52	744	37	268	2.1e-47	199.9	864	285
g9554	XP_029197789.1	79.5	658	130	3	1	1962	1	657	3.4e-287	997.7	1974	1240
g9555	XP_015768141.1	77.4	544	123	0	7	1638	5	548	6.9e-241	843.6	1647	550
g9556	XP_029197788.1	61.2	1296	461	16	1	3870	1	1260	0.0e+00	1439.5	3873	1260
g9557	XP_015768154.1	92.0	299	24	0	1	897	1	299	1.3e-161	579.3	903	300
g9559	PFX33116.1	58.2	220	92	0	136	795	337	556	2.5e-71	279.3	807	557
g9560	PFX26931.1	45.5	334	181	1	4	1002	504	837	9.5e-83	317.8	1197	1368
g9564	XP_029180425.1	85.1	1009	117	4	1	2940	384	1388	0.0e+00	1724.1	2943	1388
g9568	XP_020631369.1	78.1	356	77	1	16	1083	2	356	4.7e-161	577.8	1089	356
g9569	XP_029210488.1	65.0	1010	207	10	1	2625	1	999	0.0e+00	1138.3	2628	999
g957	PFX24444.1	39.1	161	94	2	214	693	118	275	2.5e-22	116.3	705	532
g9570	XP_029210487.1	73.2	328	59	3	1	897	1	328	1.2e-130	476.5	924	1549
g9571	XP_029210487.1	90.1	484	48	0	1	1452	358	841	2.0e-263	918.3	1464	1549
g9572	XP_015780249.1	87.9	679	82	0	1	2037	41	719	0.0e+00	1265.4	2040	719
g9573	XP_015780256.1	92.8	279	20	0	1	837	1	279	3.6e-145	524.6	840	279
g9574	XP_027056045.1	89.0	182	20	0	1	546	1	182	8.5e-87	330.1	549	182
g9576	XP_015769932.1	82.7	249	42	1	1	747	1	248	9.8e-118	433.3	750	250
g9577	XP_015769901.1	97.2	356	10	0	1	1068	5	360	7.2e-199	703.4	1071	360
g9579	XP_015769921.1	89.4	263	28	0	1	789	15	277	4.2e-135	491.1	792	278
g9580	XP_029200129.1	83.3	342	56	1	1	1026	1	341	2.6e-161	578.6	1029	341
g9581	XP_029200133.1	79.6	142	24	3	1	423	1	138	1.4e-52	216.1	429	139
g9582	XP_015769812.1	71.8	117	33	0	1	351	1	117	9.2e-42	179.9	354	117
g9583	PIK62110.1	46.6	223	118	1	7	675	297	518	2.4e-41	180.3	1212	694
g9585	XP_029200156.1	83.9	218	34	1	1	654	1	217	2.6e-98	368.6	657	217
g9586	XP_029200146.1	85.2	412	41	1	1	1176	8	419	6.7e-206	726.9	1179	419
g9588	XP_015756712.1	54.5	653	285	6	10	1941	8	657	2.9e-198	702.2	1944	1173
g9589	RUA04680.1	50.0	330	159	3	7	981	53	381	2.1e-83	319.7	984	381
g959	XP_027044026.1	80.0	100	20	0	1	300	92	191	5.7e-40	173.7	306	219
g9591	XP_028416570.1	49.4	89	45	0	4	270	174	262	8.3e-14	86.7	279	366
g9593	XP_015770127.1	89.9	268	27	0	1	804	1	268	2.0e-132	482.3	807	281
g9594	XP_015772582.1	98.2	227	4	0	1	681	1	227	7.5e-117	430.3	684	227
g96	XP_029184555.1	75.9	83	18	1	52	294	42	124	6.2e-23	117.1	300	656
g960	KXJ14183.1	63.3	109	40	0	4	330	191	299	1.9e-29	139.0	366	391
g9601	XP_015774709.1	66.0	141	44	1	1	411	688	828	4.4e-51	211.1	417	831
g9602	PIK34921.1	43.4	166	89	1	4	486	82	247	2.8e-28	135.6	501	631
g9604	XP_015770127.1	87.0	269	35	0	1	807	1	269	2.3e-128	468.8	810	281
g9606	XP_029203038.1	72.9	170	33	2	31	522	378	540	8.8e-58	233.8	579	540
g9607	XP_027049612.1	54.5	244	106	3	457	1182	135	375	5.0e-20	109.8	1506	493
g961	KXJ06370.1	36.7	139	75	2	88	489	16	146	6.4e-12	81.3	507	379
g9610	HAS45470.1	50.7	144	70	1	1	432	449	591	4.0e-31	144.8	435	894
g9611	KXJ28186.1	65.3	193	64	1	31	609	1	190	1.1e-66	263.5	612	1754
g9612	XP_033942106.1	67.4	218	71	0	1	654	592	809	1.3e-81	313.2	666	1177
g9613	KXJ19174.1	77.3	238	54	0	1	714	202	439	5.7e-107	397.5	717	900
g9614	KXJ28186.1	57.3	117	48	2	1	345	963	1079	2.8e-27	132.1	456	1754
g9615	XP_032224678.1	60.0	135	22	1	1	309	1	135	1.3e-37	166.4	438	287
g9616	PFX18468.1	43.3	141	62	4	28	450	219	341	6.5e-16	94.4	453	475
g9618	XP_022789002.1	57.0	149	56	3	4	438	44	188	1.9e-34	156.0	462	205
g9619	RMX58659.1	63.8	105	38	0	7	321	2	106	6.2e-30	141.4	606	106
g962	XP_028514449.1	91.5	59	5	0	4	180	1001	1059	2.1e-20	109.0	378	1144
g9620	XP_020610066.1	90.6	128	12	0	394	777	9	136	7.6e-58	234.6	861	656
g9621	XP_029205452.1	89.7	419	43	0	370	1626	3	421	1.2e-208	736.5	1656	422
g9622	XP_027058383.1	92.1	178	14	0	241	774	129	306	3.5e-94	355.1	777	373
g9623	XP_027049612.1	45.7	116	59	2	28	375	135	246	3.4e-18	103.2	1104	493
g9624	XP_027049612.1	45.2	363	174	9	28	1056	135	492	3.7e-22	116.3	1062	493
g9627	XP_015776082.1	65.0	320	110	2	154	1110	23	341	2.7e-108	402.5	1113	341
g9628	XP_029194654.1	74.9	1519	325	7	1	4551	1	1464	0.0e+00	2137.1	4575	1540
g9629	XP_029194727.1	68.8	464	143	2	1	1389	9	471	3.8e-176	628.2	1392	471
g963	XP_028514449.1	80.0	65	12	1	55	246	737	801	3.6e-18	101.3	309	1144
g9630	XP_029194714.1	82.8	430	73	1	70	1359	6	434	6.2e-203	717.2	1365	435
g9631	XP_015777076.1	74.6	201	45	2	1	603	23	217	1.6e-65	259.6	606	217
g9632	RMX40166.1	79.3	217	41	2	1	648	10	223	2.6e-70	275.8	747	257
g9633	XP_029209842.1	93.8	97	6	0	1	291	1	97	2.7e-40	175.6	558	367
g9636	XP_029209390.1	69.2	52	16	0	478	633	94	145	8.2e-12	81.3	654	417
g964	PFX25317.1	59.1	159	49	3	1	444	503	656	7.2e-35	158.7	1158	902
g9641	XP_029188650.1	74.6	169	43	0	67	573	24	192	2.5e-70	276.2	930	324
g9644	KXJ20096.1	53.8	119	53	2	1	357	462	578	1.7e-23	119.4	408	837
g9646	XP_029188615.1	53.0	281	112	1	118	900	25	305	1.6e-69	273.5	945	319
g9648	XP_029188607.1	96.8	219	6	1	1	657	1	218	4.4e-114	421.0	660	218
g9649	XP_029188611.1	74.6	358	87	3	1	1068	1	356	7.0e-149	537.3	1089	1199
g965	XP_028514449.1	70.5	336	51	2	46	909	17	352	5.1e-124	456.1	2712	1144
g9650	PFX19783.1	53.1	245	115	0	1	735	213	457	9.7e-70	273.9	738	655
g9653	XP_015747907.1	81.1	111	21	0	1	333	1	111	2.2e-40	175.3	339	121
g9654	XP_029213834.1	63.3	128	39	1	7	366	7	134	2.0e-39	172.2	375	138
g9655	XP_031551840.1	70.5	95	28	0	7	291	135	229	3.9e-30	141.4	384	326
g9658	XP_029182274.1	53.4	73	31	2	127	342	15	85	2.9e-06	62.0	366	346
g9659	RUA05886.1	44.1	188	104	1	109	669	366	553	1.4e-38	170.2	672	554
g966	XP_028514452.1	80.5	262	48	1	31	816	60	318	2.1e-111	412.5	897	348
g9661	PFX21924.1	60.4	154	61	0	37	498	1100	1253	2.4e-46	195.7	516	1258
g9662	XP_020617411.1	52.2	402	185	2	1	1185	1	402	9.9e-105	391.7	2274	1412
g9663	XP_029210364.1	67.5	505	160	3	4	1512	70	572	7.6e-194	687.2	1518	628
g9664	XP_028519654.1	72.2	54	15	0	406	567	1	54	1.7e-13	86.7	570	726
g9667	XP_029208422.1	55.4	121	51	1	1	354	86	206	2.0e-30	142.5	441	221
g9668	PFX30076.1	67.3	107	35	0	10	330	345	451	3.0e-34	154.8	336	456
g9669	PFX13903.1	76.0	96	23	0	1	288	663	758	4.8e-28	134.0	294	759
g967	XP_029183509.1	33.1	417	209	6	10	1059	52	465	6.3e-49	205.3	1095	490
g9670	PFX31924.1	89.9	159	16	0	1	477	414	572	1.1e-74	289.7	480	809
g9671	PFX14205.1	72.6	208	19	1	1	510	681	888	8.4e-71	277.3	702	976
g9672	XP_020624598.1	48.6	210	101	4	3	620	147	353	3.3e-46	195.7	725	919
g9673	XP_015776508.1	68.1	276	69	4	4	822	4	263	1.5e-90	343.2	858	351
g9674	XP_020630492.1	52.8	623	281	10	85	1923	199	818	9.0e-174	620.9	2043	1183
g9675	XP_029181677.1	97.7	353	8	0	1	1059	24	376	5.3e-194	687.2	1062	376
g9676	XP_029207305.1	93.8	162	10	0	49	534	1912	2073	1.2e-69	273.1	555	2093
g9679	XP_028400847.1	41.3	184	104	2	1	549	124	304	1.4e-31	146.7	564	608
g968	XP_029183511.1	59.2	218	88	1	1	654	1	217	1.1e-69	273.5	657	520
g9681	PFX18160.1	44.2	165	71	2	130	561	2	166	8.7e-31	144.8	939	166
g9682	XP_015750833.1	67.5	157	37	1	58	528	53	195	3.3e-46	195.7	726	215
g9683	RUA05611.1	40.8	191	113	0	1	573	29	219	2.2e-37	166.4	726	288
g9685	XP_020616268.1	49.2	65	32	1	22	213	11	75	4.5e-07	63.9	216	103
g9690	XP_029197952.1	63.9	610	210	5	10	1836	5	605	1.2e-212	750.0	1899	634
g9693	XP_015767477.1	47.8	67	34	1	169	366	984	1050	8.6e-14	87.0	378	1051
g9694	XP_015765742.1	56.8	118	42	2	520	861	187	299	1.1e-24	125.9	2511	322
g97	XP_029184555.1	63.4	331	95	3	19	1011	153	457	1.8e-103	386.3	1014	656
g970	XP_015770411.1	50.6	255	117	4	169	909	207	460	8.4e-55	224.6	912	1357
g9701	XP_029187858.1	53.5	127	25	3	103	396	500	621	9.2e-22	113.6	405	639
g9702	XP_020608126.1	51.5	369	169	5	19	1116	4	365	9.5e-88	334.3	1152	379
g9703	XP_020606358.1	91.3	80	7	0	1	240	457	536	4.7e-29	137.1	243	536
g9704	XP_029187860.1	82.0	571	102	1	1	1713	1	570	4.9e-274	953.7	1716	570
g9706	XP_029187871.1	75.8	587	136	3	16	1761	2	587	2.6e-265	924.9	1806	598
g9707	XP_029182629.1	73.4	530	133	3	175	1752	1	526	7.1e-231	810.4	1809	528
g9708	XP_020621106.1	75.8	824	155	6	1	2358	142	959	0.0e+00	1231.9	2376	1088
g9717	XP_029187845.1	40.9	176	78	4	1	510	1	156	1.3e-26	130.2	546	157
g9718	XP_020609196.1	81.9	507	68	2	1	1521	1	483	3.8e-209	738.0	1524	483
g9719	XP_027056827.1	95.5	112	5	0	3	338	47	158	2.6e-44	188.7	473	198
g972	XP_028414902.1	41.7	539	301	7	1	1617	91	616	3.1e-109	406.4	1800	849
g9720	XP_015767928.1	64.2	137	45	2	1	411	1	133	3.3e-35	158.3	414	133
g9721	XP_029188412.1	87.3	118	15	0	1	354	1	118	7.6e-44	186.8	357	118
g9722	XP_029188372.1	72.5	138	37	1	1	411	1	138	2.4e-49	205.3	414	138
g9723	XP_029188366.1	95.6	849	37	0	1	2547	1	849	0.0e+00	1634.0	2613	857
g9724	XP_029188370.1	73.6	717	170	9	31	2172	8	708	1.1e-289	1006.1	2178	709
g9726	XP_020614507.1	42.5	534	251	7	67	1509	50	580	1.0e-110	411.0	1518	591
g9727	XP_029207625.1	82.8	412	70	1	1	1233	84	495	9.6e-171	610.9	2106	566
g9728	XP_029207623.1	54.9	71	28	1	124	336	142	208	7.6e-09	70.5	345	210
g9729	XP_029188427.1	70.1	174	51	1	1	522	40	212	3.0e-52	215.3	534	215
g9730	XP_029188428.1	86.7	150	20	0	1	450	1	150	2.3e-61	245.4	453	150
g9731	XP_029188419.1	78.2	193	42	0	1	579	1	193	8.2e-80	307.0	582	193
g9732	XP_015767619.1	84.2	379	59	1	28	1161	9	387	9.7e-173	616.7	1164	387
g9733	XP_029205092.1	75.5	387	91	1	1	1149	1	387	1.4e-160	576.2	1155	387
g9734	XP_020627521.1	39.0	241	116	8	19	681	9	238	2.5e-28	136.3	774	244
g9736	XP_029185868.1	55.6	275	121	1	22	843	11	285	9.5e-72	280.8	879	291
g9737	XP_015763255.1	61.7	120	46	0	13	372	7	126	2.3e-29	139.4	591	290
g9739	XP_032222885.1	54.0	285	102	2	1	768	1092	1376	8.3e-88	334.0	771	1732
g9741	XP_028390705.1	50.3	515	220	4	49	1485	19	533	8.1e-132	481.1	1491	1749
g9742	XP_029185868.1	53.8	275	126	1	22	843	11	285	8.3e-68	267.7	879	291
g9743	XP_029185868.1	56.7	284	122	1	10	858	8	291	1.1e-75	293.9	861	291
g9744	XP_029185868.1	53.0	281	131	1	22	861	11	291	1.5e-72	283.5	879	291
g9745	XP_029185868.1	55.6	275	121	1	22	843	11	285	9.3e-72	280.8	861	291
g9746	XP_015771620.1	62.5	144	54	0	13	444	7	150	8.7e-37	163.7	450	290
g9747	XP_029185868.1	57.8	275	114	2	22	840	11	285	4.0e-75	292.0	852	291
g9748	XP_029185868.1	61.1	285	110	1	7	858	7	291	6.9e-83	317.8	861	291
g9749	XP_029185868.1	57.8	275	115	1	22	843	11	285	5.2e-75	291.6	846	291
g975	XP_020613127.1	45.0	140	66	3	49	468	430	558	5.0e-20	109.0	894	682
g9751	RUA04237.1	63.2	125	46	0	1	375	259	383	2.1e-40	175.6	420	537
g9752	PFX32395.1	71.0	100	29	0	61	360	183	282	9.8e-31	143.3	366	336
g9753	PFX32395.1	70.1	134	37	1	1	393	1	134	7.5e-38	167.2	432	336
g9754	PFX15636.1	46.8	295	114	5	142	897	155	449	9.2e-46	194.5	900	515
g9755	RMX50327.1	95.8	48	2	0	100	243	98	145	4.7e-17	97.4	276	231
g9756	XP_027044071.1	68.7	195	60	1	1879	2463	835	1028	1.5e-10	79.0	2466	1028
g9757	XP_020609542.1	54.2	389	167	5	982	2145	427	805	1.6e-99	374.4	2259	967
g9758	XP_029182418.1	74.5	581	146	1	1	1743	1	579	4.3e-249	870.9	1746	579
g9759	XP_015750809.1	91.1	79	7	0	1	237	1	79	8.7e-36	159.5	240	79
g976	XP_029206962.1	60.9	64	22	1	1	192	31	91	4.1e-06	61.2	306	1455
g9760	XP_029187102.1	77.9	1044	172	4	1	3108	5	997	0.0e+00	1551.6	3111	997
g9761	XP_015777655.1	88.2	439	52	0	1	1317	1	439	4.0e-239	837.4	1323	440
g9762	XP_029187130.1	88.7	558	63	0	1	1674	1	558	4.5e-296	1026.9	1680	559
g9763	XP_020601975.1	32.7	712	317	13	1	1701	3	697	6.8e-77	298.9	1776	712
g9764	XP_015750529.1	89.6	183	19	0	1	549	405	587	8.0e-93	350.1	555	588
g9765	XP_020601975.1	39.7	726	388	15	1	2121	3	697	1.0e-114	424.9	2205	712
g9766	XP_020601975.1	39.0	715	389	16	1	2097	3	686	2.0e-107	400.6	2157	712
g9769	XP_029187046.1	82.5	97	17	0	10	300	3	99	9.0e-38	166.4	303	100
g9770	XP_015777645.1	90.3	145	14	0	1	435	1	145	2.3e-66	261.9	438	145
g9775	XP_029183407.1	64.7	102	33	2	4	306	82	181	7.6e-32	146.7	312	235
g9776	XP_015761685.1	89.0	146	16	0	94	531	1	146	2.0e-64	255.8	534	146
g9777	XP_029208119.1	46.7	197	83	3	1	582	1	178	6.5e-32	147.9	591	415
g9778	XP_029208138.1	44.7	282	139	6	574	1389	16	290	4.2e-48	203.0	1485	365
g9779	XP_020628095.1	55.6	180	71	3	1	525	537	712	1.0e-28	137.1	528	1044
g9780	XP_015761684.1	82.3	702	111	6	1	2085	1	696	8.9e-302	1046.2	2088	696
g9781	XP_029202064.1	53.3	338	133	6	70	1074	21	336	5.7e-95	358.2	1077	336
g9782	XP_029202061.1	45.4	1083	530	21	91	3282	82	1122	6.9e-184	655.2	3285	1122
g9783	XP_029202046.1	49.4	172	75	4	34	516	18	188	2.7e-32	149.1	561	204
g9784	XP_029202073.1	64.4	654	218	7	16	1956	7	652	3.0e-235	825.1	1962	653
g9785	XP_029202071.1	56.1	784	339	4	676	3021	7	787	2.6e-222	782.7	3024	787
g9786	XP_022783528.1	70.0	839	219	12	64	2502	1	832	2.0e-237	832.8	2706	884
g9787	XP_029202077.1	84.6	369	57	0	1	1107	1	369	5.6e-186	660.6	1110	369
g9788	XP_029203455.1	96.8	126	3	1	1	378	1	125	3.4e-58	235.0	498	820
g9789	XP_029203455.1	99.3	685	5	0	1	2055	136	820	0.0e+00	1333.5	2058	820
g9793	XP_031551982.1	32.7	309	197	4	37	960	431	729	9.7e-42	181.4	1092	730
g9794	KXJ16672.1	56.6	502	217	1	7	1512	652	1152	3.6e-167	598.6	1530	2331
g9795	KXJ16672.1	41.7	192	91	4	691	1203	358	549	1.1e-28	138.3	1302	2331
g9796	XP_032236801.1	72.1	201	56	0	4	606	166	366	5.6e-79	304.3	609	470
g9797	XP_029199598.1	46.1	232	96	2	154	765	227	457	4.3e-47	198.7	795	462
g9798	XP_020618194.1	58.0	445	118	4	1	1149	1	438	3.6e-122	448.7	1188	819
g9800	KXJ08925.1	39.5	129	76	2	7	387	96	224	9.1e-17	97.1	411	320
g9801	XP_015770423.1	53.4	399	161	6	1	1125	1	398	1.5e-101	380.2	1155	403
g9802	XP_032224596.1	44.9	521	163	7	307	1533	2	510	4.5e-103	386.3	2454	573
g9804	XP_029199650.1	69.6	69	21	0	124	330	13	81	8.6e-21	110.2	339	750
g9805	XP_015747426.1	66.0	47	16	0	25	165	36	82	4.1e-08	68.2	369	273
g9806	XP_029180757.1	44.0	100	54	1	1	300	1	98	4.3e-14	87.8	321	281
g9809	XP_020624162.1	90.2	1159	114	0	1	3477	1	1159	0.0e+00	2081.2	3480	1159
g9810	XP_029207880.1	92.2	784	59	1	1	2346	1	784	0.0e+00	1461.0	2349	784
g9811	XP_029207885.1	71.7	191	54	0	1	573	1	191	3.2e-76	295.0	576	191
g9813	XP_029187377.1	81.7	498	91	0	1	1494	206	703	6.7e-235	823.5	1503	703
g9814	XP_029187378.1	78.9	456	94	2	109	1473	1	455	2.0e-207	732.3	1491	459
g9815	XP_029187396.1	73.0	2099	515	17	472	6693	1	2072	0.0e+00	2941.8	6696	2072
g9816	XP_029187457.1	87.2	484	62	0	1	1452	1	484	1.3e-259	905.6	1455	484
g9820	XP_029187439.1	85.3	252	36	1	7	762	14	264	5.2e-117	431.8	1383	275
g9821	XP_020627855.1	72.5	236	65	0	1	708	1	236	6.7e-92	347.4	714	238
g9822	XP_029187441.1	67.2	1982	520	21	1	5793	1	1902	0.0e+00	2111.3	5796	1902
g9823	XP_029187443.1	97.1	245	7	0	1	735	1	245	4.2e-121	444.5	738	245
g9824	XP_029187444.1	76.3	93	22	0	40	318	49	141	4.8e-25	124.4	372	169
g9825	XP_015753578.1	79.4	399	82	0	1	1197	1	399	2.5e-184	655.2	1203	404
g9828	XP_029180746.1	78.1	393	82	2	1	1176	1	390	3.7e-172	614.8	1179	390
g9829	XP_015753581.1	94.4	126	7	0	1	378	1	126	8.3e-57	229.9	381	126
g983	XP_020623476.1	58.9	4534	500	23	1	12498	1	3537	0.0e+00	4719.8	12504	3538
g9830	XP_029180721.1	78.9	754	141	7	10	2262	11	749	7.4e-302	1046.6	2265	850
g9831	XP_015753586.1	65.2	302	99	4	1	894	1	300	6.0e-98	367.9	897	300
g9832	XP_015753585.1	91.3	184	15	1	1	552	1	183	1.2e-88	336.3	555	183
g9835	XP_029186970.1	56.0	350	138	4	16	1026	7	353	1.0e-104	390.6	1029	353
g9837	XP_029201116.1	58.1	365	146	4	1	1083	423	784	1.7e-111	413.3	1215	1285
g9838	XP_028417217.1	35.0	103	63	3	4	309	44	143	1.9e-06	62.4	312	145
g9839	XP_029208661.1	80.1	151	29	1	286	738	1	150	4.9e-45	191.8	741	150
g984	PFX14234.1	55.5	510	169	7	94	1590	74	536	6.2e-146	528.1	1593	536
g9840	XP_015747554.1	53.7	108	49	1	1	324	361	467	6.0e-22	114.0	342	1405
g9843	XP_020897689.2	37.9	132	76	3	13	396	56	185	1.3e-10	76.6	414	354
g9844	PFX12621.1	45.3	289	35	2	1	867	33	198	8.3e-44	188.0	870	536
g9845	PFX12621.1	84.0	75	12	0	1	225	288	362	7.0e-27	129.8	228	536
g9846	PFX21244.1	93.9	115	7	0	1	345	72	186	2.1e-54	221.9	348	188
g9847	PFX31816.1	57.2	173	73	1	82	600	165	336	8.2e-46	194.1	615	545
g9848	PFX23878.1	66.4	125	41	1	169	543	382	505	4.4e-25	125.6	756	519
g9849	XP_015777380.1	98.0	297	6	0	874	1764	2	298	1.2e-164	590.5	1815	318
g985	XP_015761121.1	62.9	291	80	2	7	810	20	305	9.9e-98	367.9	1482	306
g9850	XP_015778019.1	39.4	104	53	3	1	300	475	572	1.0e-06	63.5	378	792
g9851	XP_029202681.1	65.9	425	85	6	1	1116	1	418	4.7e-138	501.5	1203	666
g9852	XP_029202684.1	68.6	121	37	1	1	363	132	251	7.0e-37	163.7	366	251
g9853	EDO35149.1	61.2	116	44	1	398	51	142	256	7.4e-32	147.1	399	593
g9856	XP_020619338.1	64.4	146	14	3	1	330	1	144	6.3e-34	154.8	702	244
g9857	XP_002740782.1	52.2	67	31	1	64	261	344	410	2.7e-07	65.1	294	1320
g986	XP_029210400.1	45.4	119	61	4	4	354	32	148	3.4e-18	101.7	381	437
g9860	XP_020607423.1	58.8	114	25	1	94	369	4	117	1.1e-26	129.8	372	360
g9861	XP_015770171.1	45.9	181	98	0	19	561	204	384	7.6e-38	167.5	570	429
g9862	PFX11933.1	73.9	69	18	0	1	207	280	348	5.5e-22	114.0	312	800
g9864	XP_029210484.1	50.0	106	48	2	55	372	509	609	8.9e-19	103.6	375	618
g9865	XP_029210484.1	46.6	88	46	1	121	384	14	100	2.4e-10	76.6	786	618
g9866	PFX31906.1	93.0	298	21	0	925	1818	744	1041	1.8e-153	553.5	2136	1513
g9867	XP_028415485.1	54.1	122	56	0	13	378	196	317	3.0e-31	145.2	417	792
g9868	XP_022787132.1	52.4	84	40	0	1	252	1	84	1.1e-11	79.7	294	372
g9869	KXJ15652.1	55.0	1441	509	16	1099	5157	4	1393	0.0e+00	1419.4	5178	1394
g9870	XP_015775951.1	39.9	296	139	7	1	810	65	347	4.8e-39	172.2	894	361
g9873	XP_027050210.1	32.8	204	110	8	97	669	10	199	5.7e-08	68.6	672	205
g9874	XP_029213082.1	78.7	211	45	0	1	633	314	524	7.5e-82	313.9	648	524
g9875	PFX14755.1	68.5	485	113	5	1	1434	1	452	5.0e-170	608.2	1701	963
g9876	PFX13957.1	61.1	113	39	2	1	324	701	813	5.3e-28	134.0	327	813
g9877	XP_029214491.1	52.9	295	131	5	25	888	48	341	2.5e-67	266.2	894	346
g9878	XP_015756920.1	65.4	855	282	8	1	2544	1	848	4.7e-310	1073.5	2598	854
g9879	XP_029214470.1	67.0	875	248	11	1	2583	1	848	1.0e-299	1039.6	2586	848
g988	XP_029179802.1	60.8	97	37	1	1	291	1080	1175	4.2e-24	120.9	297	1603
g9880	XP_029214493.1	69.3	335	102	1	1	1002	1	335	2.7e-123	452.2	1005	340
g9885	XP_020915653.1	44.2	1859	635	23	1396	6030	344	2113	0.0e+00	1443.7	6084	2115
g9886	XP_029184036.1	90.6	244	23	0	1	732	1	244	2.6e-102	382.1	756	261
g9888	XP_015774309.1	78.0	268	53	4	84	878	1	265	1.6e-87	333.2	881	271
g9889	XP_029186964.1	59.9	167	66	1	127	624	68	234	7.2e-48	201.1	666	941
g989	PFX28604.1	31.7	120	71	2	49	408	4	112	9.3e-07	64.3	585	905
g9891	XP_029186964.1	66.3	80	27	0	198	437	828	907	2.4e-23	119.0	447	941
g9892	XP_029192018.1	86.6	633	85	0	31	1929	22	654	0.0e+00	1107.0	1932	654
g9894	XP_029183432.1	84.5	796	123	0	1	2388	1	796	0.0e+00	1319.7	2397	1055
g9895	XP_029183433.1	91.5	47	4	0	261	121	748	794	6.4e-16	93.6	261	808
g9896	XP_029195377.1	85.4	383	53	3	7	1149	4	385	2.0e-178	635.6	1152	385
g9897	XP_020628824.1	86.4	110	14	1	1	330	1	109	7.8e-51	209.9	333	109
g9898	XP_020628824.1	84.5	110	16	1	1	330	1	109	3.3e-49	204.5	333	109
g9899	KXJ21442.1	47.4	846	344	11	76	2409	1296	2108	4.5e-196	695.3	2424	2109
g99	XP_027048573.1	47.8	510	260	4	4	1533	6	509	6.5e-148	534.6	1560	1498
g990	XP_015775687.1	74.5	231	57	1	337	1023	76	306	9.3e-95	357.5	1026	306
g9900	XP_029211202.1	87.3	276	16	2	670	1494	1	258	6.1e-103	385.2	1512	259
g9901	XP_029195422.1	65.0	163	50	4	4	489	1	157	3.2e-45	191.8	492	157
g9904	XP_015766604.1	49.7	354	96	8	1	1011	1	289	1.1e-63	254.2	1014	289
g9905	XP_029190880.1	60.4	1028	155	4	865	3198	294	1319	0.0e+00	1125.5	3201	1319
g9906	KXJ10656.1	57.3	110	45	2	17	340	112	221	1.9e-24	122.9	507	222
g9907	PFX20067.1	37.3	973	144	9	739	2259	98	1070	1.5e-156	563.9	2334	1258
g9908	PFX18579.1	77.4	53	11	1	274	429	225	277	1.1e-10	77.0	447	531
g9909	PFX17945.1	66.1	115	29	2	4	330	563	673	3.8e-29	137.9	333	2154
g991	XP_015775687.1	76.1	209	47	2	1	621	99	306	6.7e-88	334.0	624	306
g9910	CAC5409914.1	47.5	99	50	2	1	294	133	230	1.3e-12	82.8	303	232
g9911	XP_020622777.1	56.6	1193	354	17	1537	4893	111	1213	0.0e+00	1155.6	4971	1376
g9912	XP_029181995.1	64.3	112	40	0	181	516	50	161	1.7e-33	153.7	846	513
g9913	KXJ20779.1	42.5	106	56	1	130	432	505	610	2.9e-13	85.5	441	1336
g9916	KXJ10027.1	46.6	88	46	1	1	264	144	230	1.9e-14	89.4	408	850
g9917	XP_031554525.1	49.1	702	319	7	16	2031	1	694	1.0e-184	657.9	3156	721
g9918	XP_029213410.1	74.3	825	206	2	1	2457	1	825	0.0e+00	1275.0	2460	825
g9919	XP_029213459.1	69.9	498	134	8	1	1464	1	492	2.9e-180	642.1	1560	512
g9920	XP_029213427.1	59.9	292	109	7	1	873	1	285	8.2e-74	287.7	924	289
g9921	XP_015777728.1	52.3	65	29	1	156	350	54	116	1.3e-11	79.7	351	128
g9922	XP_032222027.1	56.5	170	71	2	1	507	57	224	5.9e-50	207.6	510	417
g9923	PFX12931.1	51.6	62	30	0	115	300	86	147	3.7e-08	68.6	441	1020
g9924	XP_029193833.1	52.3	130	59	2	1	390	1	127	1.7e-28	136.0	393	127
g9926	XP_029193833.1	52.7	131	58	3	1	393	1	127	1.4e-27	132.9	396	127
g9928	XP_029193833.1	53.4	131	57	3	1	393	1	127	9.0e-30	140.2	396	127
g9929	XP_029193833.1	53.1	128	58	2	1	381	1	127	5.7e-29	137.5	384	127
g9930	XP_015768991.1	95.5	201	9	0	1	603	1	201	1.1e-106	396.4	606	201
g9931	XP_029213460.1	59.5	121	37	3	274	603	19	138	6.9e-28	134.8	720	428
g9932	RMX44024.1	86.4	103	14	0	1	309	35	137	2.9e-39	171.4	315	620
g9933	XP_020607433.1	36.1	144	86	2	1	426	201	340	5.8e-14	87.8	429	340
g9934	PFX30065.1	43.1	524	162	11	1	1179	1	519	5.7e-83	318.5	1215	603
g9936	XP_020607433.1	45.9	135	68	2	43	432	48	182	1.1e-16	97.1	489	340
g9937	KXJ12146.1	31.0	277	156	7	76	891	2008	2254	2.6e-15	94.0	1383	2919
g9938	XP_015757122.1	30.8	503	171	7	1	981	264	765	4.7e-51	212.2	990	766
g9940	RMX55100.1	67.8	202	65	0	1	606	124	325	4.1e-72	281.6	654	507
g9942	XP_029193529.1	90.4	219	19	1	1	651	1	219	1.3e-97	366.3	654	219
g9943	XP_029193526.1	70.2	684	200	3	22	2067	2	683	1.6e-287	998.8	2070	683
g9944	XP_029193518.1	85.6	354	51	0	1	1062	1	354	2.9e-171	611.7	1098	357
g9945	XP_029193523.1	82.1	162	29	0	1	486	1	162	6.5e-70	273.9	489	162
g9946	XP_020623364.1	54.4	1090	455	9	1	3183	1	1077	1.2e-257	900.2	3189	1078
g9948	RMX55502.1	62.9	105	38	1	1	315	1	104	1.0e-31	146.4	330	816
g9955	PFX24626.1	52.4	452	34	2	1	813	29	480	7.2e-106	394.0	819	533
g9959	XP_020609252.1	61.1	301	117	0	1	903	1	301	1.6e-106	396.4	906	301
g996	XP_029201767.1	67.2	305	88	2	4	888	4	306	2.7e-114	422.2	894	307
g9960	XP_029201755.1	88.3	1773	192	7	1	5301	1	1764	0.0e+00	2925.6	5304	1764
g9961	XP_029201764.1	67.2	302	99	0	7	912	5	306	7.0e-118	434.1	918	307
g9967	XP_027054588.1	90.4	228	22	0	1	684	1	228	2.1e-114	422.2	687	228
g9969	PFX18608.1	43.5	147	81	1	190	624	1715	1861	6.9e-24	121.3	627	2249
g997	PFX18000.1	43.0	632	290	6	13	1722	1183	1806	4.4e-137	498.8	1731	1823
g9970	XP_015753213.1	76.5	196	42	3	1	579	1	195	3.5e-70	275.0	588	197
g9971	XP_015753209.1	82.6	207	34	2	1	615	2	208	4.0e-85	324.7	618	208
g9972	XP_015753206.1	77.5	302	67	1	1	906	1	301	5.7e-128	467.6	909	301
g9973	XP_015753210.1	61.2	227	75	7	1	660	1	221	3.7e-60	241.9	663	221
g9974	XP_020620031.1	61.4	306	104	4	1	888	1	302	1.5e-104	389.8	891	302
g9975	XP_029180139.1	88.7	150	17	0	1	450	1	150	7.6e-65	256.9	453	150
g9976	XP_029179887.1	97.2	109	3	0	1	327	1	109	3.6e-56	227.6	330	110
g9977	XP_029179880.1	75.7	378	50	1	1	1134	1	336	3.2e-88	335.9	1137	336
g9978	XP_022786448.1	95.2	210	9	1	1	627	1	210	3.6e-105	391.3	630	210
g9979	XP_029195561.1	89.5	428	41	1	1	1272	1	428	3.0e-175	625.2	1275	428
g9980	XP_015772779.1	54.3	140	63	1	1	417	216	355	5.2e-32	148.3	624	740
g9983	XP_029191500.1	67.5	197	31	5	1	522	2288	2474	7.9e-50	207.6	678	2503
g9984	XP_015779652.1	41.4	70	41	0	247	456	79	148	2.8e-07	65.9	504	447
g9985	XP_029214384.1	67.8	90	29	0	1	270	184	273	2.1e-25	125.2	273	273
g9986	PFX22582.1	60.1	183	70	3	46	588	145	326	5.4e-55	224.9	774	336
g9987	XP_032237242.1	34.6	214	124	5	244	855	85	292	1.7e-25	127.5	1140	299
g9989	XP_029191500.1	69.0	1727	466	12	55	5130	799	2490	0.0e+00	1510.7	5148	2503
g9990	XP_029191500.1	75.3	693	170	1	1987	4062	72	764	3.0e-235	826.2	4284	2503
g9991	XP_029182512.1	54.0	189	81	2	421	987	1	183	1.1e-44	191.0	990	183
g9992	XP_027059272.1	41.9	229	125	3	1	681	1	223	1.8e-36	164.5	1578	336
g9994	XP_032226016.1	41.6	89	51	1	70	336	42	129	3.0e-10	75.1	339	188
g9995	XP_029180319.1	34.4	299	169	7	232	1056	46	341	2.8e-41	180.3	1422	341
g9996	KXJ20016.1	37.7	151	85	4	127	579	127	268	1.1e-12	84.0	588	358
g9997	PFX27832.1	56.7	141	58	3	40	456	567	706	4.4e-36	161.4	465	1875
g9999	XP_015774017.1	65.1	212	74	0	1	636	1	212	1.0e-75	293.5	639	212
